40 f 0 p 1 f 1 1040800 0 0 0 0 0 0 0 0 0 0 0 0 0 0 0 0 0 0 0 0 0 0 0 0 0 0 0 0 0 0 0 0 0 0 0 0 0 0 0 0 0 0 2100 0 0 0 0 0 0 0 0 0 0 0 a40 0 0 0 0 0 0 0 0 0 
40 f 0 p 1 f 1 42800 0 0 0 0 0 0 0 0 0 0 0 0 0 0 0 0 0 0 8001 0 0 0 0 0 0 0 0 0 0 0 0 0 0 0 0 0 0 0 0 0 0 0 0 0 0 0 0 0 0 0 0 0 0 0 10a00 0 0 0 0 0 0 0 0 0 
40 11 0 p 1 11 1 1b000 0 0 0 0 0 0 0 0 0 0 0 400004 0 0 0 0 0 0 0 0 0 0 0 0 0 0 0 0 0 0 580080 0 0 0 0 0 0 0 0 0 0 0 0 0 0 0 0 0 0 0 0 0 0 0 0 0 0 0 0 0 0 0 0 0 
40 10 0 p 1 10 1 12001 0 0 0 0 0 0 0 0 0 0 0 0 0 0 0 0 0 4010 0 0 0 0 0 0 0 0 0 0 0 0 408080 0 0 0 0 0 0 0 0 0 0 0 0 0 0 0 0 0 0 0 0 0 0 0 0 0 0 0 0 0 0 0 0 0 
40 e 0 p 1 e 1 1a000 0 0 0 0 0 0 0 0 0 0 0 400004 0 0 0 0 0 0 0 0 0 0 0 0 0 0 0 0 0 0 500080 0 0 0 0 0 0 0 0 0 0 0 0 0 0 0 0 0 0 0 0 0 0 0 0 0 0 0 0 0 0 0 0 0 
40 10 0 p 1 10 1 812000 0 0 0 0 0 0 0 0 0 0 0 0 0 0 0 0 0 0 0 0 0 0 100001 0 0 0 0 0 0 0 400880 0 0 0 0 0 0 0 0 0 0 0 0 0 0 0 0 0 0 0 0 0 0 0 0 0 0 0 0 0 0 0 0 0 
40 11 0 p 1 11 1 12c00 0 0 0 0 0 0 0 0 40008 0 0 0 0 0 0 0 0 0 0 0 0 0 0 0 0 0 0 0 0 0 400080 0 0 0 0 0 0 0 0 0 0 0 200002 0 0 0 0 0 0 0 0 0 0 0 0 0 0 0 0 0 0 0 0 0 
40 11 0 p 1 11 1 16800 0 0 0 0 0 0 0 0 0 0 0 0 0 0 0 0 0 10040 0 0 0 0 0 0 0 0 0 0 0 0 400080 0 0 0 0 0 400004 0 0 0 0 0 0 0 0 0 0 0 0 0 0 0 0 0 0 0 0 0 0 0 0 0 0 0 
40 f 0 p 1 f 1 32008 0 0 0 0 0 0 0 0 0 0 0 0 0 0 0 0 0 0 0 0 0 0 0 0 0 0 0 0 0 0 400080 0 0 200002 0 0 0 0 0 0 0 0 0 0 0 0 0 0 0 0 0 0 0 0 0 0 0 0 0 0 0 0 0 0 
40 f 0 p 1 f 1 92100 0 0 0 0 0 0 0 0 0 0 0 0 0 0 0 0 0 0 0 0 0 0 0 0 0 0 0 0 0 0 400080 0 0 0 0 0 0 0 0 0 0 0 0 0 0 0 0 0 0 0 0 0 0 0 0 0 0 0 0 0 0 0 200002 0 
40 12 0 p 1 12 1 430000 0 0 0 0 a40000 0 0 0 0 0 0 0 0 0 0 0 0 0 0 0 0 0 0 0 0 0 0 0 0 0 0 0 0 0 108 0 0 0 0 0 0 0 0 0 0 0 0 0 0 0 0 108000 0 0 0 0 0 0 0 0 0 0 0 0 
40 e 0 p 1 e 1 52000 0 0 0 0 0 0 0 0 0 0 0 200040 0 0 0 0 0 0 0 0 0 0 0 0 0 0 0 0 0 0 0 0 0 0 0 0 0 0 0 0 0 0 0 0 0 5200 0 0 0 0 0 0 0 0 0 0 0 0 0 0 0 0 0 0 
40 f 0 p 1 f 1 50100 0 0 0 0 0 0 0 0 0 0 0 0 0 0 0 0 0 0 0 0 1000010 0 0 0 0 0 0 0 0 0 0 0 0 0 0 0 0 0 0 0 0 0 0 0 0 404200 0 0 0 0 0 0 0 0 0 0 0 0 0 0 0 0 0 0 
40 e 0 p 1 e 1 50200 108000 0 0 0 0 0 0 0 0 0 0 0 0 0 0 0 0 0 0 0 0 0 0 0 0 0 0 0 0 0 0 0 0 0 0 0 0 0 0 0 0 0 0 0 0 6200 0 0 0 0 0 0 0 0 0 0 0 0 0 0 0 0 0 0 
40 f 0 p 1 f 1 1050000 0 0 0 0 0 0 0 20080 0 0 0 0 0 0 0 0 0 0 0 0 0 0 0 0 0 0 0 0 0 0 0 0 0 0 0 0 0 0 0 0 0 0 0 0 0 804200 0 0 0 0 0 0 0 0 0 0 0 0 0 0 0 0 0 0 
40 12 0 p 1 12 1 30200 0 0 0 0 0 0 400004 0 0 0 0 0 0 0 0 0 0 0 0 0 0 0 0 0 0 0 0 0 0 0 0 0 0 802 0 0 0 0 0 0 0 0 0 0 0 4014 0 0 0 0 0 0 0 0 0 0 0 0 0 0 0 0 0 0 
40 10 0 p 1 10 1 410200 0 0 0 0 0 0 0 0 0 0 0 0 0 0 0 0 0 0 0 0 0 0 0 0 0 0 0 0 0 0 0 0 0 0 0 0 0 0 0 0 0 0 0 0 200040 84004 0 0 0 0 0 0 0 0 0 0 0 0 0 0 0 0 0 0 
40 b 0 p 1 b 1 50200 0 0 0 0 0 0 0 0 0 0 0 0 0 0 0 0 0 0 0 0 0 0 0 0 0 0 0 0 0 0 0 0 0 0 0 0 0 0 0 0 0 0 0 0 0 4204 0 0 0 0 0 0 0 0 0 0 0 0 0 0 0 0 0 0 
40 11 0 p 1 11 1 50240 0 0 0 0 0 0 0 0 0 0 0 0 0 0 0 0 0 0 400004 0 0 0 0 0 0 0 0 0 0 0 0 0 0 0 0 0 0 0 0 0 0 0 0 0 0 4a04 0 0 0 0 0 0 0 0 0 0 0 0 0 0 0 0 0 0 
40 10 0 p 1 10 1 d0300 0 0 0 0 0 0 0 0 0 0 0 0 0 0 0 0 0 0 0 0 0 0 0 0 0 0 0 0 0 0 0 0 0 0 0 0 0 0 0 0 0 0 0 0 0 4204 0 0 0 0 0 0 0 0 0 0 0 0 0 0 0 0 200002 0 
40 11 0 p 1 11 1 50200 0 0 0 0 0 0 0 0 0 0 0 0 0 0 0 0 0 0 0 0 0 0 0 0 0 0 0 0 0 0 0 0 0 0 0 0 0 0 0 0 0 0 0 0 0 424c 0 0 0 0 0 0 8020 0 0 0 0 0 0 0 0 0 0 0 
40 12 0 p 1 12 1 10300 0 0 401 0 0 0 0 0 0 0 0 0 0 0 0 0 0 0 0 0 1004000 0 0 0 0 0 0 0 0 0 0 0 0 0 0 0 0 0 0 0 0 0 0 0 0 4006 0 0 0 0 0 0 0 0 0 0 0 0 0 0 0 0 0 0 
40 11 0 p 1 11 1 58001 0 0 0 0 0 0 0 0 0 0 0 0 0 0 0 0 0 0 0 0 0 0 0 0 0 0 0 0 0 0 0 0 0 0 0 10800 0 0 0 0 0 0 0 0 42000 4200 0 0 0 0 0 0 0 0 0 0 0 0 0 0 0 0 0 0 
40 13 0 p 1 13 1 150020 0 0 0 0 0 0 0 0 0 0 0 0 0 0 0 0 0 0 0 0 0 0 0 0 0 0 0 0 0 0 0 0 0 0 0 0 0 0 0 0 0 0 0 0 0 4200 0 0 0 0 0 0 0 0 0 0 2008 0 0 0 0 0 210 0 
40 11 0 p 1 11 1 58400 0 0 0 0 0 0 0 0 20004 0 0 0 0 0 0 0 0 0 0 0 0 0 0 0 0 0 0 0 0 0 0 0 0 0 0 0 0 0 0 0 0 0 0 0 42000 4200 0 0 0 0 0 0 0 0 0 0 0 0 0 0 0 0 0 0 
40 11 0 p 1 11 1 58002 0 0 0 0 0 0 0 0 0 0 0 0 0 0 0 0 0 0 0 0 0 0 0 0 0 0 0 0 0 20004 0 0 0 0 0 0 0 0 0 0 0 0 0 0 0 4200 0 0 0 0 0 0 0 0 0 0 840 0 0 0 0 0 0 0 
40 11 0 p 1 11 1 58002 0 0 0 0 0 0 0 0 0 0 0 0 0 0 0 0 0 0 0 0 401 0 0 0 0 0 0 0 0 0 0 0 0 0 0 0 0 0 0 0 0 0 0 0 0 4200 0 0 0 0 0 0 0 0 0 0 10040 0 0 0 0 0 0 0 
40 11 0 p 1 11 1 58040 0 0 0 0 0 0 0 0 0 0 0 0 0 0 0 0 0 0 0 0 0 0 0 0 0 0 0 0 0 0 0 0 0 0 0 0 0 0 0 0 0 0 0 0 0 4200 0 0 0 0 0 0 0 0 0 0 200040 80010 0 0 0 0 0 0 
40 11 0 p 1 11 1 58002 0 0 0 0 0 0 0 0 0 0 0 0 0 0 0 0 0 0 0 0 0 1004000 0 0 0 0 0 0 0 0 0 0 0 0 0 0 0 0 0 0 0 0 0 0 802000 4200 0 0 0 0 0 0 0 0 0 0 0 0 0 0 0 0 0 0 
40 11 0 p 1 11 1 858000 0 0 0 0 0 0 0 0 0 0 0 0 0 0 0 0 0 0 0 0 0 0 21 0 0 0 0 0 0 0 0 0 0 0 0 0 0 0 0 0 0 0 0 0 0 4200 0 0 0 0 80010 0 0 0 0 0 0 0 0 0 0 0 0 0 
40 11 0 p 1 11 1 258000 0 0 0 0 0 0 0 0 0 0 0 0 0 0 0 0 0 0 0 0 0 0 0 0 0 0 0 0 0 108 0 0 0 0 0 0 0 0 0 0 0 0 0 0 0 4200 0 0 0 0 1000010 0 0 0 0 0 0 0 0 0 0 0 0 0 
40 11 0 p 1 11 1 d0002 0 0 0 0 0 0 0 0 0 0 0 0 0 0 0 0 0 0 0 0 0 0 0 0 0 0 0 0 0 20080 0 0 0 0 0 0 0 0 0 0 0 0 0 0 0 4200 0 0 0 0 0 0 0 0 0 0 0 0 0 0 0 0 210000 0 
40 f 0 p 1 f 1 52004 0 0 0 0 0 0 0 0 0 0 0 0 0 0 0 0 0 0 108000 0 0 0 0 0 0 0 0 0 0 0 0 0 0 0 0 0 0 0 0 0 0 0 0 0 0 4200 0 0 0 0 0 0 0 0 0 0 0 0 0 0 0 0 0 0 
40 12 0 p 1 12 1 1070000 0 0 0 0 0 0 0 0 0 0 0 0 0 0 0 0 0 0 0 0 0 0 0 0 0 0 0 0 0 0 0 0 0 802 0 0 0 0 0 0 0 0 40100 0 0 4200 0 0 0 0 0 0 0 0 0 0 0 0 0 0 0 0 0 0 
40 e 0 p 1 e 1 70008 0 0 0 0 0 0 0 0 0 0 0 0 0 0 0 0 0 0 0 0 0 0 0 0 0 0 0 0 0 0 0 0 0 200002 0 0 0 0 0 0 0 0 0 0 0 4200 0 0 0 0 0 0 0 0 0 0 0 0 0 0 0 0 0 0 
40 11 0 p 1 11 1 d0008 0 0 0 0 0 0 0 0 0 0 0 0 0 0 0 0 0 0 0 0 0 0 0 0 0 0 0 0 2008 0 0 0 0 0 80010 0 0 0 0 0 0 0 0 0 0 4200 0 0 0 0 0 0 0 0 0 0 0 0 0 0 0 0 0 0 
40 11 0 p 1 11 1 d0008 0 0 0 0 0 0 0 0 0 0 0 0 0 0 0 0 0 0 0 0 0 0 0 0 0 0 0 0 0 0 0 0 0 0 80200 100020 0 0 0 0 0 0 0 0 0 4200 0 0 0 0 0 0 0 0 0 0 0 0 0 0 0 0 0 0 
40 d 0 p 1 d 1 d0100 0 0 0 0 0 0 0 0 0 0 0 0 0 0 0 0 0 0 0 0 0 0 0 0 0 0 0 0 0 0 0 0 0 0 0 0 0 0 0 0 0 0 0 0 0 4200 0 0 0 0 0 0 0 0 0 0 0 0 0 0 0 0 200002 0 
40 11 0 p 1 11 1 d2000 0 0 0 0 0 4010 0 0 0 0 0 0 0 0 0 0 0 0 0 0 0 0 0 0 0 0 0 0 800008 0 0 0 0 0 0 0 0 0 0 0 0 0 0 0 0 4200 0 0 0 0 0 0 0 0 0 0 0 0 0 0 0 0 0 0 
40 12 0 p 1 12 1 30004 0 0 0 0 0 0 0 0 0 0 0 0 0 0 0 0 0 0 0 0 0 0 0 0 0 0 0 100001 0 0 0 0 0 0 0 42800 0 0 0 0 0 0 0 0 0 0 0 0 0 0 0 0 0 0 8400 0 0 0 0 0 0 0 0 0 
40 f 0 p 1 f 1 2200c 0 0 0 0 0 0 0 0 0 0 0 0 0 0 0 0 0 0 108000 0 0 0 0 0 0 0 0 0 0 0 0 0 0 200002 0 0 0 0 0 0 0 0 0 0 0 0 0 0 0 0 0 0 0 0 0 0 0 0 0 0 0 0 0 0 
40 12 0 p 1 12 1 1100080 0 0 0 0 0 0 0 0 0 0 0 0 0 0 0 0 40100 0 0 0 0 0 0 0 0 0 0 0 0 0 0 0 0 0 0 0 0 1810000 0 0 0 0 800100 0 0 0 0 0 0 0 0 0 0 0 0 0 0 0 0 0 0 0 0 0 
40 12 0 p 1 12 1 85 0 0 0 0 0 0 0 0 0 0 0 0 0 0 54000 0 0 4200 0 0 0 0 0 0 0 0 0 0 0 0 0 0 0 0 0 0 0 0 0 0 0 0 0 0 0 0 0 0 0 0 0 0 0 0 0 0 0 0 0 0 4200 0 0 0 
40 e 0 p 1 e 1 3001 0 0 0 0 0 0 0 0 0 0 0 0 0 0 0 0 0 4010 0 0 0 0 0 0 0 0 0 0 0 0 488000 0 0 0 0 0 0 0 0 0 0 0 0 0 0 0 0 0 0 0 0 0 0 0 0 0 0 0 0 0 0 0 0 0 
40 f 0 p 1 f 1 803000 0 0 0 0 0 0 0 0 0 0 0 0 0 0 0 0 0 0 0 0 0 0 100001 0 0 0 0 0 0 0 480800 0 0 0 0 0 0 0 0 0 0 0 0 0 0 0 0 0 0 0 0 0 0 0 0 0 0 0 0 0 0 0 0 0 
40 10 0 p 1 10 1 20408 0 0 0 0 0 0 0 0 0 0 0 0 0 0 0 0 0 0 0 0 0 0 0 0 0 0 0 0 0 0 0 0 0 0 80900 0 0 0 0 0 0 0 0 40100 0 0 0 0 0 0 0 0 0 0 0 0 0 0 0 0 0 0 0 0 
40 11 0 p 1 11 1 2000d 0 0 400080 0 0 0 0 0 0 0 0 0 0 0 0 0 0 0 0 0 0 0 0 0 0 0 0 0 0 0 0 0 0 200002 0 42000 0 0 0 0 0 0 0 0 0 0 0 0 0 0 0 0 0 0 0 0 0 0 0 0 0 0 0 0 
40 12 0 p 1 12 1 50100 0 0 4200 0 0 0 0 0 0 0 0 0 0 0 0 0 0 0 0 0 1050000 0 0 0 0 0 0 0 0 0 0 0 0 0 0 0 0 0 0 0 0 0 0 0 0 4200 0 0 0 0 0 0 0 0 0 0 0 0 0 0 0 0 0 0 
40 11 0 p 1 11 1 d0100 0 0 0 0 0 0 0 0 0 0 0 0 0 0 0 0 0 0 0 0 0 0 0 0 0 0 0 21 0 0 0 0 0 0 0 0 0 0 0 0 0 0 0 0 0 0 0 0 0 0 0 0 0 0 200800 0 0 0 0 0 0 0 200002 0 
40 12 0 p 1 12 1 52000 0 0 0 0 0 58 0 0 0 0 0 0 8020 0 0 0 0 0 0 0 0 0 0 0 0 0 0 0 0 0 0 0 0 0 0 0 0 0 0 0 0 0 0 0 0 4200 0 0 0 0 0 0 0 0 0 0 0 0 0 0 0 0 0 0 
40 12 0 p 1 12 1 60008 0 0 0 0 0 0 0 0 0 0 0 0 0 0 0 0 0 0 0 0 0 0 0 0 0 0 0 0 0 0 0 0 0 200002 0 0 0 0 0 0 0 0 0 0 200002 80300 0 0 0 0 0 0 0 0 0 0 0 0 0 0 0 0 0 0 
