40 e 0 p 1 e 1 20005 0 0 0 0 0 0 0 0 0 0 0 0 0 0 0 0 0 0 0 0 0 0 0 0 0 0 0 0 0 0 0 0 0 0 0 52000 0 0 0 0 0 0 0 0 0 0 0 0 0 0 0 0 0 0 8400 0 0 0 0 0 0 0 0 0 
40 e 0 p 1 e 1 400005 0 0 0 0 0 0 0 0 0 0 0 0 0 0 0 0 0 0 0 0 0 0 0 0 0 0 0 0 0 0 0 0 0 0 0 50200 0 0 0 0 0 0 0 0 840 0 0 0 0 0 0 0 0 0 0 0 0 0 0 0 0 0 0 0 
40 11 0 p 1 11 1 207 120100 0 0 0 0 0 0 0 0 0 0 0 0 0 0 0 0 0 0 0 0 0 0 0 0 0 0 0 0 0 0 0 0 0 0 50100 0 0 0 0 0 0 0 0 0 0 0 0 0 0 0 0 0 0 0 0 0 0 0 0 0 0 0 0 
40 11 0 p 1 11 1 200205 1a0000 0 0 0 0 0 0 0 0 0 0 0 0 0 0 0 0 0 0 0 0 0 0 0 0 0 0 0 0 0 0 0 0 0 0 50100 0 0 0 0 0 0 0 0 0 0 0 0 0 0 0 0 0 0 0 0 0 0 0 0 0 0 0 0 
40 11 0 p 1 11 1 1100001 0 0 0 0 0 0 0 60820 0 0 0 0 0 0 0 0 0 0 0 0 0 0 0 0 0 0 0 0 0 0 0 0 0 0 0 90004 0 0 0 0 0 0 0 0 0 0 0 0 0 0 0 0 0 0 0 0 0 0 0 0 0 0 0 0 
40 11 0 p 1 11 1 107 0 0 0 0 0 0 0 0 0 0 0 0 0 0 0 0 0 0 0 0 1000480 0 0 0 0 0 0 0 0 0 0 0 0 0 0 54000 0 0 0 0 0 0 0 0 0 0 0 0 0 0 0 0 0 0 0 0 0 0 0 0 0 0 0 0 
40 10 0 p 1 10 1 400005 0 0 0 0 0 0 0 0 0 0 0 0 0 0 0 0 0 0 0 0 0 0 0 0 0 0 0 0 0 0 0 0 3001 0 0 500a0 0 0 0 0 0 0 0 0 0 0 0 0 0 0 0 0 0 0 0 0 0 0 0 0 0 0 0 0 
40 10 0 p 1 10 1 20005 0 0 0 0 0 0 0 0 0 0 0 0 0 0 0 0 0 0 0 0 0 0 0 0 0 0 0 0 0 0 0 0 0 0 200500 10d0000 0 0 0 0 0 0 0 0 0 0 0 0 0 0 0 0 0 0 0 0 0 0 0 0 0 0 0 0 
40 10 0 p 1 10 1 2000d 0 0 0 0 0 0 0 0 0 0 0 0 0 0 0 0 0 0 0 0 0 0 0 0 0 0 0 0 0 0 0 0 0 0 80102 50100 0 0 0 0 0 0 0 0 0 0 0 0 0 0 0 0 0 0 0 0 0 0 0 0 0 0 0 0 
40 10 0 p 1 10 1 80401 0 0 0 0 0 0 0 0 20004 0 0 0 0 0 0 0 0 0 0 0 0 0 0 0 0 0 0 0 0 0 0 0 0 0 0 10820 0 0 0 0 0 0 0 0 0 0 0 0 0 0 0 0 0 0 0 0 0 0 0 0 0 0 0 0 
40 11 0 p 1 11 1 88001 0 0 0 0 0 0 0 0 0 0 0 0 0 0 0 0 0 0 0 0 0 0 0 0 0 0 0 0 0 0 0 0 0 0 0 10a20 0 0 0 0 0 0 0 0 42800 0 0 0 0 0 0 0 0 0 0 0 0 0 0 0 0 0 0 0 
40 f 0 p 1 f 1 88001 0 0 0 0 0 0 0 0 0 0 0 0 0 0 0 0 0 0 0 0 0 0 0 0 0 0 0 0 0 0 0 0 0 0 0 10820 0 0 0 0 0 0 0 0 42000 0 0 0 0 0 0 0 0 0 0 0 0 0 0 0 0 0 0 0 
40 11 0 p 1 11 1 80025 0 0 0 0 0 0 0 0 0 0 0 0 0 0 0 0 0 0 0 0 0 0 0 0 0 0 0 1080000 0 0 0 0 0 0 0 70020 0 0 0 0 0 0 0 0 0 0 0 0 0 0 0 0 0 0 0 0 0 0 0 0 0 0 0 0 
40 11 0 p 1 11 1 88005 0 0 0 0 0 0 0 0 0 0 0 0 0 0 0 0 0 0 0 0 0 0 0 0 0 0 0 0 0 0 0 0 0 0 0 50820 0 0 0 0 0 0 0 0 42000 0 0 0 0 0 0 0 0 0 0 0 0 0 0 0 0 0 0 0 
40 10 0 p 1 10 1 88005 0 0 0 0 0 0 0 0 0 0 0 0 0 0 0 0 0 0 0 0 0 0 0 0 0 0 0 0 0 0 0 0 0 0 0 500a0 0 0 0 0 0 0 0 0 0 0 0 0 0 0 4010 0 0 0 0 0 0 0 0 0 0 0 0 0 
40 11 0 p 1 11 1 90005 0 0 0 0 802000 0 0 0 0 0 0 0 0 0 0 0 0 0 0 0 0 0 0 0 0 0 0 0 0 0 0 0 0 0 0 450020 0 0 0 0 0 0 0 0 0 0 0 0 0 0 0 0 0 0 0 0 0 0 0 0 0 0 0 0 
40 10 0 p 1 10 1 180005 0 0 0 0 0 0 0 0 0 0 0 0 0 0 0 0 42000 0 0 0 0 0 0 0 0 0 0 0 0 0 0 0 0 0 0 58020 0 0 0 0 0 0 0 0 0 0 0 0 0 0 0 0 0 0 0 0 0 0 0 0 0 0 0 0 
40 11 0 p 1 11 1 90005 0 0 0 0 0 0 0 0 0 0 0 0 0 0 0 0 0 0 0 0 0 0 0 0 0 0 0 100001 0 0 0 0 0 0 0 50820 0 0 0 0 0 0 0 0 0 0 0 0 0 0 0 0 0 0 0 0 0 0 0 0 0 0 0 0 
40 f 0 p 1 f 1 80015 0 0 0 0 0 42 0 0 0 0 0 0 0 0 0 0 0 0 0 0 0 0 0 0 0 0 0 0 0 0 0 0 0 0 0 70020 0 0 0 0 0 0 0 0 0 0 0 0 0 0 0 0 0 0 0 0 0 0 0 0 0 0 0 0 
40 10 0 p 1 10 1 80015 0 0 0 0 0 200040 0 0 0 0 0 0 0 0 0 0 0 0 0 0 0 0 0 0 0 0 0 0 0 0 0 0 0 0 0 50028 0 0 0 0 0 0 0 0 0 0 0 0 0 0 0 0 0 0 0 0 0 0 0 0 0 0 0 0 
40 f 0 p 1 f 1 a0001 0 0 0 0 0 0 0 0 0 0 0 0 0 0 0 0 0 0 0 0 0 0 0 0 0 0 0 0 0 0 0 0 0 0 0 12020 0 0 0 0 0 0 0 0 0 0 0 0 0 0 0 0 0 0 8400 0 0 0 0 0 0 0 0 0 
40 11 0 p 1 11 1 a0009 0 0 0 0 0 0 0 0 0 0 0 0 0 0 0 0 0 0 0 0 0 0 0 0 0 0 0 0 0 0 0 0 0 0 80102 10120 0 0 0 0 0 0 0 0 0 0 0 0 0 0 0 0 0 0 0 0 0 0 0 0 0 0 0 0 
40 11 0 p 1 11 1 88001 0 0 0 0 0 0 0 0 0 0 0 0 0 0 0 0 0 0 0 0 0 0 0 0 0 0 0 0 0 0 0 0 0 0 0 10c20 0 0 0 0 0 0 0 0 62000 0 0 0 0 0 0 0 0 0 0 0 0 0 0 0 0 0 0 0 
40 11 0 p 1 11 1 a0001 0 0 0 0 0 0 0 0 0 0 0 0 0 0 0 0 0 0 0 0 0 0 0 0 0 0 0 0 0 0 0 0 0 0 302 110120 0 0 0 0 0 0 0 0 0 0 0 0 0 0 0 0 0 0 0 0 0 0 0 0 0 0 0 0 
40 11 0 p 1 11 1 20005 0 0 0 0 0 0 0 0 0 0 0 0 0 0 0 0 0 0 0 0 0 0 0 0 0 0 0 0 0 0 0 0 0 0 302 150100 0 0 0 0 0 0 0 0 0 0 0 0 0 0 0 0 0 0 0 0 0 0 0 0 0 0 0 0 
40 11 0 p 1 11 1 1000405 0 0 0 0 0 0 0 0 0 0 0 0 0 0 0 0 0 0 0 0 0 0 0 0 0 0 0 0 0 0 0 0 0 0 0 50008 0 0 0 0 0 0 122 0 0 0 0 0 0 0 0 0 0 0 0 0 0 0 0 0 0 0 0 0 
40 11 0 p 1 11 1 20805 0 0 0 0 0 0 0 0 0 0 0 0 0 0 0 0 0 0 0 0 0 0 0 0 0 0 0 0 0 0 0 0 0 0 0 50100 0 0 0 0 0 0 0 0 0 0 0 0 0 0 0 0 0 0 0 1100400 0 0 0 0 0 0 0 0 
40 e 0 p 1 e 1 3001 0 0 400a0 0 0 0 0 0 0 0 0 0 0 0 0 0 0 0 0 0 0 0 0 0 0 0 0 0 0 0 400004 0 0 0 0 0 0 0 0 0 0 0 0 0 0 0 0 0 0 0 0 0 0 0 0 0 0 0 0 0 0 0 0 0 
40 10 0 p 1 10 1 5001 0 0 500a0 0 0 0 0 0 0 0 0 0 0 0 0 0 0 0 0 0 0 0 0 0 0 0 0 0 0 0 0 0 0 0 0 0 0 0 0 0 0 0 0 0 0 0 0 0 4280 0 0 0 0 0 0 0 0 0 0 0 0 0 0 0 
40 10 0 p 1 10 1 3001 0 0 500a0 0 0 0 0 0 0 0 0 0 0 0 0 0 0 0 0 0 0 0 0 0 0 0 0 0 0 0 400005 0 0 0 0 0 0 0 0 0 0 0 0 0 0 0 0 0 0 0 0 0 0 0 0 0 0 0 0 0 0 0 0 0 
40 11 0 p 1 11 1 5001 0 0 10004a0 0 0 0 0 0 0 0 0 0 0 0 0 0 0 0 0 0 0 0 0 0 0 0 0 0 0 0 0 0 0 0 0 0 0 0 0 0 0 0 0 0 0 103 0 0 0 0 0 0 0 0 0 0 0 0 0 0 0 0 0 0 
40 f 0 p 1 f 1 5001 0 0 42a0 0 0 0 0 0 0 0 0 0 0 0 0 0 0 0 0 0 0 0 0 0 0 0 0 0 0 0 0 0 0 0 0 0 0 0 0 0 0 0 0 0 0 0 0 0 85 0 0 0 0 0 0 0 0 0 0 0 0 0 0 0 
40 f 0 p 1 f 1 60001 0 0 4000c0 0 0 0 0 0 0 0 0 0 0 0 0 0 0 0 0 0 0 0 0 0 0 0 0 0 0 0 0 0 0 0 0 0 0 0 0 0 0 0 0 0 0 0 0 0 0 0 0 0 0 0 ac00 0 0 0 0 0 0 0 0 0 
40 11 0 p 1 11 1 1100001 0 0 0 0 0 0 0 4a0800 0 0 0 0 0 0 0 0 0 0 0 0 0 0 0 0 0 0 0 0 0 0 0 0 0 0 0 0 0 0 0 0 803000 0 0 0 0 0 0 0 0 0 0 0 0 0 0 0 0 0 0 0 0 0 0 0 
40 f 0 p 1 f 1 900001 0 0 0 0 0 0 0 0 0 0 0 0 0 0 0 0 0 0 0 0 0 0 0 0 0 0 0 0 0 0 0 0 0 0 0 0 0 0 0 0 804002 0 0 0 0 0 0 0 0 0 0 0 0 0 0 0 0 0 0 0 0 0 1000200 0 
40 10 0 p 1 10 1 820001 0 0 0 0 0 0 0 0 0 0 0 0 0 0 0 0 0 0 0 0 0 0 0 0 0 0 0 0 0 0 0 0 0 0 2100 0 0 0 0 0 804010 0 0 0 0 0 0 0 0 0 0 0 0 0 0 0 0 0 0 0 0 0 0 0 
40 11 0 p 1 11 1 4401 0 0 0 0 0 0 0 0 20a00 0 0 0 0 0 0 0 0 54800 0 0 0 0 0 0 0 0 0 0 0 0 0 0 0 0 0 0 0 0 0 0 0 0 0 0 0 0 0 0 0 0 0 0 0 0 0 0 0 0 0 0 0 0 0 0 
40 e 0 p 1 e 1 400005 0 0 0 0 0 0 0 0 0 0 0 0 0 0 0 0 0 4300 0 0 0 0 0 0 0 0 0 0 0 0 0 0 0 0 0 0 0 0 1000010 0 0 0 0 0 0 0 0 0 0 0 0 0 0 0 0 0 0 0 0 0 0 0 0 0 
40 f 0 p 1 f 1 400005 0 0 0 0 0 0 0 0 0 0 0 0 0 0 0 0 0 4204 0 0 0 0 0 0 0 0 0 0 0 0 0 0 0 0 0 0 0 0 0 0 0 0 0 0 840 0 0 0 0 0 0 0 0 0 0 0 0 0 0 0 0 0 0 0 
40 12 0 p 1 12 1 400005 0 0 0 0 0 0 0 0 0 0 0 0 0 0 0 0 0 5200 0 0 21 0 0 0 0 0 0 0 0 0 0 0 0 0 0 0 0 0 4010 0 0 0 0 0 0 0 0 0 0 0 0 0 0 0 0 0 0 0 0 0 0 0 0 0 
40 f 0 p 1 f 1 105 0 0 0 0 0 0 0 0 0 0 0 0 0 0 0 0 0 404200 0 0 0 0 0 0 0 0 0 0 0 0 0 0 0 0 0 0 0 0 0 0 0 0 0 0 0 0 0 0 0 0 0 0 0 0 0 0 0 0 0 0 0 0 42 0 
40 11 0 p 1 11 1 207 0 0 0 0 0 0 0 0 0 0 0 0 0 0 0 0 0 45200 0 0 420 0 0 0 0 0 0 0 0 0 0 0 0 0 0 0 0 0 0 0 0 0 0 0 0 0 0 0 0 0 0 0 0 0 0 0 0 0 0 0 0 0 0 0 
40 10 0 p 1 10 1 24d 0 0 0 0 0 0 8020 0 0 0 0 0 0 0 0 0 0 44200 0 0 0 0 0 0 0 0 0 0 0 0 0 0 0 0 0 0 0 0 0 0 0 0 0 0 0 0 0 0 0 0 0 0 0 0 0 0 0 0 0 0 0 0 0 0 
40 f 0 p 1 f 1 85 0 0 0 0 0 0 0 0 0 0 0 0 0 0 5001 0 0 42a0 0 0 0 0 0 0 0 0 0 0 0 0 0 0 0 0 0 0 0 0 0 0 0 0 0 0 0 0 0 0 0 0 0 0 0 0 0 0 0 0 0 0 0 0 0 0 
40 11 0 p 1 11 1 103 0 0 0 0 0 0 0 0 0 0 0 0 0 0 0 0 0 5001 0 0 10004a0 0 0 0 0 0 0 0 0 0 0 0 0 0 0 0 0 0 0 0 0 0 0 0 0 0 0 0 0 0 0 0 0 0 0 0 0 0 0 0 0 0 0 0 
40 e 0 p 1 e 1 4205 0 0 0 0 0 0 0 0 0 0 0 0 0 0 0 0 0 54200 0 0 0 0 0 0 0 0 0 0 0 0 0 0 0 0 0 0 0 0 0 0 0 0 0 0 0 0 0 0 0 0 0 0 0 0 0 0 0 0 0 0 0 0 0 0 
40 e 0 p 1 e 1 5001 0 0 0 0 0 0 0 0 0 0 0 0 0 0 0 0 0 16000 0 0 0 0 0 0 0 0 0 0 0 200040 0 0 0 0 0 0 0 0 0 0 0 0 0 0 0 0 0 0 0 0 0 0 0 0 0 0 0 0 0 0 0 0 0 0 
40 11 0 p 1 11 1 4225 0 0 0 0 0 0 0 0 0 0 0 0 0 0 0 0 0 54000 0 0 0 0 0 0 0 0 200800 0 0 0 0 0 0 0 0 0 0 0 0 0 0 0 0 0 0 0 0 0 0 0 0 0 0 0 0 0 0 0 0 0 0 0 0 0 
40 11 0 p 1 11 1 4249 0 0 0 0 0 0 8020 0 0 0 0 0 0 0 0 0 0 54000 0 0 0 0 0 0 0 0 0 0 0 0 0 0 0 0 0 0 0 0 0 0 0 0 0 0 0 0 0 0 0 0 0 0 0 0 0 0 0 0 0 0 0 0 0 0 
40 11 0 p 1 11 1 6205 0 0 0 0 0 0 0 0 0 0 0 0 0 0 0 0 0 54000 108000 0 0 0 0 0 0 0 0 0 0 0 0 0 0 0 0 0 0 0 0 0 0 0 0 0 0 0 0 0 0 0 0 0 0 0 0 0 0 0 0 0 0 0 0 0 
40 11 0 p 1 11 1 5201 0 0 0 0 0 0 0 0 0 0 0 0 0 0 0 0 0 56000 0 0 0 0 0 0 0 0 0 0 0 200040 0 0 0 0 0 0 0 0 0 0 0 0 0 0 0 0 0 0 0 0 0 0 0 0 0 0 0 0 0 0 0 0 0 0 
40 f 0 p 1 f 1 221 0 0 0 0 0 0 0 0 0 0 0 0 0 0 0 0 0 44200 0 0 0 0 0 0 0 0 200800 0 0 0 0 0 0 0 0 0 0 0 0 0 0 0 0 0 0 0 0 0 0 0 0 0 0 0 0 0 0 0 0 0 0 0 0 0 
40 10 0 p 1 10 1 20201 0 0 0 0 0 0 0 0 0 0 0 0 0 0 0 0 0 244000 0 0 0 0 0 0 0 0 0 0 0 0 0 0 0 0 0 0 0 0 0 0 0 0 0 0 0 0 0 0 0 0 0 0 0 0 420 0 0 0 0 0 0 0 0 0 
40 11 0 p 1 11 1 245 0 0 0 0 0 0 0 0 0 0 0 0 0 0 0 0 0 44002 500100 0 0 0 0 0 0 0 0 0 0 0 0 0 0 0 0 0 0 0 0 0 0 0 0 0 0 0 0 0 0 0 0 0 0 0 0 0 0 0 0 0 0 0 0 0 
40 11 0 p 1 11 1 107 0 0 0 0 0 0 0 0 0 0 0 0 0 0 0 0 0 5200 0 0 1000420 0 0 0 0 0 0 0 0 0 0 0 0 0 0 0 0 0 0 0 0 0 0 0 0 0 0 0 0 0 0 0 0 0 0 0 0 0 0 0 0 0 0 0 
40 11 0 p 1 11 1 35 0 0 0 0 0 0 0 0 0 0 0 0 8400 0 0 0 0 4200 0 0 0 0 0 0 0 0 0 0 0 0 0 0 0 0 0 0 0 0 0 0 0 0 0 0 0 0 0 0 0 0 0 0 0 0 0 0 108 0 0 0 0 0 0 0 
40 11 0 p 1 11 1 35 0 0 0 0 0 42 0 0 0 0 0 0 0 0 0 0 0 4200 0 0 0 0 0 0 0 0 0 1080000 0 0 0 0 0 0 0 0 0 0 0 0 0 0 0 0 0 0 0 0 0 0 0 0 0 0 0 0 0 0 0 0 0 0 0 0 
40 11 0 p 1 11 1 2d 0 0 0 0 0 0 0 0 0 0 0 0 0 0 0 0 0 4200 0 0 0 0 0 0 0 0 0 80010 0 0 0 0 0 200040 0 0 0 0 0 0 0 0 0 0 0 0 0 0 0 0 0 0 0 0 0 0 0 0 0 0 0 0 0 0 
40 11 0 p 1 11 1 40d 0 0 0 0 0 0 21 0 0 0 0 0 0 0 0 0 0 4200 0 0 0 0 0 0 0 0 0 0 0 0 0 0 0 0 0 0 0 0 0 0 0 0 10002 0 0 0 0 0 0 0 0 0 0 0 0 0 0 0 0 0 0 0 0 0 
40 11 0 p 1 11 1 8015 0 0 0 0 0 0 0 0 0 0 0 0 0 0 0 0 0 4200 0 0 0 0 0 0 0 0 0 0 0 0 0 0 0 0 0 0 0 0 0 0 0 0 0 0 0 0 0 0 0 0 0 0 0 0 0 0 42 2100 0 0 0 0 0 0 
40 12 0 p 1 12 1 400007 0 0 0 0 0 0 0 0 0 0 0 0 0 0 0 0 0 4200 0 0 401 0 0 0 0 0 0 0 0 0 0 0 0 0 0 0 0 0 4010 0 0 0 0 0 0 0 0 0 0 0 0 0 0 0 0 0 0 0 0 0 0 0 0 0 
40 e 0 p 1 e 1 50005 0 0 0 0 0 0 0 0 0 0 0 0 0 0 0 0 0 4200 0 0 0 0 0 0 0 0 0 0 0 0 0 0 0 0 0 0 0 0 0 0 0 0 0 0 0 4200 0 0 0 0 0 0 0 0 0 0 0 0 0 0 0 0 0 0 
40 12 0 p 1 12 1 50005 0 0 0 0 0 0 0 0 0 0 0 0 0 0 0 0 0 4200 0 0 0 0 0 0 0 0 0 21 0 0 0 0 0 0 0 0 0 0 0 0 0 0 0 0 0 0 0 0 0 0 0 0 0 0 200800 0 0 0 0 0 0 0 0 0 
40 12 0 p 1 12 1 30005 0 0 0 0 0 0 0 0 0 0 0 0 0 0 0 0 0 4200 0 0 0 0 0 0 0 0 0 21 0 0 0 0 0 0 0 0 0 0 0 0 0 0 0 0 0 0 0 0 0 0 0 0 0 0 0 1080000 0 0 0 0 0 0 0 0 
40 12 0 p 1 12 1 60005 0 0 0 0 0 0 0 0 0 0 0 0 0 0 0 0 0 4200 0 0 0 0 0 0 0 0 0 0 0 0 0 0 0 0 0 0 0 0 0 0 0 0 0 0 0 0 0 0 0 0 0 0 0 0 200800 1080000 0 0 0 0 0 0 0 0 
40 d 0 p 1 d 1 2000d 0 0 0 0 0 0 0 0 0 0 0 0 0 0 0 0 0 4200 0 0 0 0 0 0 0 0 0 0 0 0 0 0 0 200002 0 0 0 0 0 0 0 0 0 0 0 0 0 0 0 0 0 0 0 0 0 0 0 0 0 0 0 0 0 0 
40 11 0 p 1 11 1 200d 0 0 0 0 0 210 100020 0 0 0 0 0 0 0 0 0 0 4200 0 0 0 0 0 0 0 0 0 0 0 0 0 0 0 0 0 0 0 0 0 0 0 0 0 0 0 0 0 0 0 0 0 0 0 0 0 0 0 0 0 0 0 0 0 0 
40 11 0 p 1 11 1 215 100020 0 0 0 0 0 0 0 0 0 0 0 0 0 0 0 0 4200 0 0 0 0 0 0 0 0 0 0 0 0 0 0 0 0 0 0 0 0 0 0 0 0 0 0 0 0 0 0 0 0 0 0 0 0 0 0 0 2008 0 0 0 0 0 0 
40 11 0 p 1 11 1 2034 0 0 0 0 0 150 0 0 0 0 0 0 0 0 0 0 0 0 0 0 0 0 0 0 0 0 1200800 0 0 0 0 0 0 0 0 0 0 0 0 0 0 0 0 0 0 0 0 0 0 0 0 0 0 0 0 0 0 0 0 0 0 0 0 0 
40 10 0 p 1 10 1 6c 0 0 0 0 0 0 8120 0 0 0 0 0 0 0 0 0 0 0 0 0 0 0 0 0 0 0 200c00 0 0 0 0 0 0 0 0 0 0 0 0 0 0 0 0 0 0 0 0 0 0 0 0 0 0 0 0 0 0 0 0 0 0 0 0 0 
40 11 0 p 1 11 1 800024 0 0 0 0 0 0 0 0 0 0 0 0 0 0 0 0 0 0 0 0 0 0 0 0 0 680 1300800 0 0 0 0 0 0 0 0 0 0 0 0 0 0 0 0 0 0 0 0 0 0 0 0 0 0 0 0 0 0 0 0 0 0 0 0 0 
40 11 0 p 1 11 1 2034 0 0 0 0 0 52 0 0 0 0 0 0 0 0 0 0 0 0 0 0 0 0 0 0 0 0 200c00 0 0 0 0 0 0 0 0 0 0 0 0 0 0 0 0 0 0 0 0 0 0 0 0 0 0 0 0 0 0 0 0 0 0 0 0 0 
40 f 0 p 1 f 1 a4 0 0 0 0 0 0 0 0 0 0 0 0 0 0 0 0 0 0 0 0 0 0 0 0 0 0 200810 0 0 0 0 0 10040 0 0 0 0 0 0 0 0 0 0 0 0 0 0 0 0 0 0 0 0 0 0 0 0 0 0 0 0 0 0 0 
40 f 0 p 1 f 1 400024 0 0 0 0 0 0 0 0 0 0 0 0 0 0 0 0 0 0 0 0 0 0 0 0 0 0 204800 0 0 0 0 0 0 0 0 0 0 0 0 0 0 0 0 0 10040 0 0 0 0 0 0 0 0 0 0 0 0 0 0 0 0 0 0 0 
40 10 0 p 1 10 1 80024 0 0 0 0 0 0 0 0 0 0 0 0 0 0 0 0 0 0 0 0 0 0 0 0 0 0 200801 0 0 0 0 0 0 0 0 0 0 0 0 0 0 0 0 0 0 0 0 0 0 0 0 0 0 0 0 0 0 0 0 0 0 0 210000 0 
40 e 0 p 1 e 1 34 0 0 0 0 0 42 0 0 0 0 0 0 0 0 0 0 0 0 0 0 0 0 0 0 0 0 200c00 0 0 0 0 0 0 0 0 0 0 0 0 0 0 0 0 0 0 0 0 0 0 0 0 0 0 0 0 0 0 0 0 0 0 0 0 0 
40 f 0 p 1 f 1 1000024 0 0 0 0 0 0 0 20004 0 0 0 0 0 0 0 0 0 0 0 0 0 0 0 0 0 0 300800 0 0 0 0 0 0 0 0 0 0 0 0 0 0 0 0 0 0 0 0 0 0 0 0 0 0 0 0 0 0 0 0 0 0 0 0 0 
40 10 0 p 1 10 1 1000024 0 0 0 0 0 0 0 0 0 0 0 0 0 0 0 0 0 0 0 0 0 0 0 0 0 0 280800 0 0 0 0 0 0 0 0 0 0 0 0 0 0 0 0 0 0 0 0 0 0 0 0 0 0 0 0 0 0 0 0 0 0 0 420 0 
40 e 0 p 1 e 1 6c 0 0 0 0 0 0 8020 0 0 0 0 0 0 0 0 0 0 0 0 0 0 0 0 0 0 0 200800 0 0 0 0 0 0 0 0 0 0 0 0 0 0 0 0 0 0 0 0 0 0 0 0 0 0 0 0 0 0 0 0 0 0 0 0 0 
40 f 0 p 1 f 1 50024 0 0 0 0 0 0 0 0 0 0 0 0 0 0 0 0 0 0 0 0 0 0 0 0 0 0 200800 0 0 0 0 0 0 0 0 0 0 0 0 0 0 0 0 0 0 4200 0 0 0 0 0 0 0 0 0 0 0 0 0 0 0 0 0 0 
40 f 0 p 1 f 1 2002c 0 0 0 0 0 0 0 0 0 0 0 0 0 0 0 0 0 0 0 0 0 0 0 0 0 0 200800 0 0 0 0 0 0 200002 0 0 0 0 0 0 0 0 0 0 0 0 0 0 0 0 0 0 0 0 0 0 0 0 0 0 0 0 0 0 
40 f 0 p 1 f 1 80124 0 0 0 0 0 0 0 0 0 0 0 0 0 0 0 0 0 0 0 0 0 0 0 0 0 0 200800 0 0 0 0 0 0 0 0 0 0 0 0 0 0 0 0 0 0 0 0 0 0 0 0 0 0 0 0 0 0 0 0 0 0 0 200002 0 
40 12 0 p 1 12 1 234 100020 0 0 0 0 0 0 0 0 0 0 0 0 0 0 0 0 0 0 0 0 0 0 0 0 0 200800 0 0 0 0 0 0 0 0 0 0 0 0 0 0 0 0 0 0 0 0 0 0 0 0 0 0 0 0 0 0 2008 0 0 0 0 0 0 
40 e 0 p 1 e 1 8120 0 0 0 0 0 0 0 0 0 0 0 0 0 0 0 0 0 0 0 0 0 0 0 0 0 0 0 0 0 0 0 0 0 0 0 0 0 0 0 0 0 0 0 0 0 0 0 0 0 0 0 0 0 0 0 0 58 0 0 0 0 0 42 0 
40 e 0 p 1 e 1 8120 0 0 0 0 0 0 0 0 0 0 0 0 0 0 0 0 0 0 0 0 1080000 0 0 0 0 0 0 0 0 0 0 0 0 0 0 0 0 0 0 0 0 0 0 0 0 0 0 0 0 0 0 0 0 0 0 0 68 0 0 0 0 0 0 0 
40 f 0 p 1 f 1 8030 0 0 0 0 0 0 0 0 0 0 0 0 8400 0 0 0 0 0 0 0 0 0 0 0 0 0 0 0 0 0 0 0 0 0 0 0 0 0 0 0 0 0 0 0 0 0 0 0 0 0 0 0 0 0 0 0 148 0 0 0 0 0 0 0 
40 e 0 p 1 e 1 88020 0 0 0 0 0 0 0 0 0 0 0 0 0 0 0 0 0 0 0 0 0 0 0 0 0 0 0 0 0 0 0 0 0 0 0 0 0 0 0 0 0 0 0 0 0 0 0 0 0 0 0 0 0 0 0 0 58 0 0 0 0 0 200040 0 
40 11 0 p 1 11 1 8120 0 0 0 0 0 0 0 0 0 0 0 0 0 0 0 0 0 0 0 0 0 0 0 0 0 0 0 0 0 0 0 0 0 0 0 0 0 0 0 0 0 0 0 0 0 0 0 0 0 0 0 0 0 0 0 0 2058 0 0 0 0 0 52 0 
40 11 0 p 1 11 1 88120 0 0 0 0 0 0 0 0 0 0 0 0 0 0 0 0 0 0 0 0 0 0 0 0 0 0 0 0 0 0 0 0 0 0 0 0 0 0 0 0 0 0 0 0 0 0 0 0 0 0 0 0 0 0 0 0 2048 0 0 0 0 0 200012 0 
40 11 0 p 1 11 1 8120 0 0 0 0 0 0 0 0 0 0 0 0 0 0 0 0 0 0 0 0 0 0 0 0 0 0 0 0 60020 0 0 0 0 0 0 0 0 0 0 0 0 0 0 0 0 0 0 0 0 0 0 0 0 0 0 0 8004c 0 0 0 0 0 0 0 
40 10 0 p 1 10 1 8120 0 0 0 0 0 0 0 0 0 0 0 0 0 0 0 0 0 0 0 200c00 0 0 0 0 0 0 0 0 0 0 0 0 0 0 0 0 0 0 0 0 0 0 0 0 0 0 0 0 0 0 0 0 0 0 0 0 6c 0 0 0 0 0 0 0 
40 11 0 p 1 11 1 40c20 0 0 0 0 0 0 0 0 62000 0 0 0 0 0 0 0 0 0 0 0 0 0 0 0 0 0 0 88004 0 0 0 0 0 0 0 0 0 0 0 0 0 0 0 0 0 0 0 0 0 0 0 0 0 0 0 0 0 0 0 0 0 0 0 0 
40 11 0 p 1 11 1 40a20 0 0 0 0 0 0 0 0 42800 0 0 0 0 0 0 0 0 0 0 0 0 0 0 0 0 0 0 88004 0 0 0 0 0 0 0 0 0 0 0 0 0 0 0 0 0 0 0 0 0 0 0 0 0 0 0 0 0 0 0 0 0 0 0 0 
40 11 0 p 1 11 1 4c0020 0 0 0 0 0 0 0 0 0 0 0 0 0 0 0 0 0 0 0 0 0 0 0 0 0 0 0 90004 0 0 0 0 803000 0 0 0 0 0 0 0 0 0 0 0 0 0 0 0 0 0 0 0 0 0 0 0 0 0 0 0 0 0 0 0 
40 10 0 p 1 10 1 40021 0 0 0 0 0 0 0 0 0 0 0 0 0 0 0 0 0 0 0 0 0 0 0 0 0 0 0 180004 0 0 0 0 0 0 0 10800 0 0 0 0 0 0 0 0 0 0 0 0 0 0 0 0 0 0 0 0 0 0 0 0 0 0 0 0 
40 10 0 p 1 10 1 40420 0 0 0 0 0 0 0 0 20004 0 0 0 0 0 0 0 0 0 0 0 0 0 0 0 0 0 0 180004 0 0 0 0 0 0 0 0 0 0 0 0 0 0 0 0 0 0 0 0 0 0 0 0 0 0 0 0 0 0 0 0 0 0 0 0 
40 f 0 p 1 f 1 48020 0 0 0 0 0 0 0 0 0 0 0 0 0 0 0 0 0 0 0 0 0 0 0 0 0 0 0 180004 0 0 0 0 0 0 0 0 0 0 0 0 0 0 0 0 42000 0 0 0 0 0 0 0 0 0 0 0 0 0 0 0 0 0 0 0 
40 12 0 p 1 12 1 48020 0 0 0 0 0 0 0 0 0 0 0 0 0 0 0 0 0 0 0 0 0 0 0 0 0 0 0 90004 0 0 0 0 0 0 0 0 0 0 0 0 0 0 0 0 0 0 0 0 0 0 1000010 0 0 0 0 0 0 0 20080 0 0 0 0 0 
40 10 0 p 1 10 1 40022 0 0 0 0 0 0 0 0 0 0 0 0 0 0 0 0 0 0 0 0 0 1000010 0 0 0 0 0 80044 0 0 0 0 0 0 0 0 0 0 0 0 0 0 0 0 0 0 0 0 0 0 0 0 0 0 0 0 0 0 0 0 0 0 0 0 
40 f 0 p 1 f 1 40820 0 0 0 0 0 0 0 0 0 0 0 0 0 0 0 0 0 0 0 0 0 0 0 0 0 0 0 90004 0 0 0 0 0 0 0 0 0 0 0 0 0 0 0 0 0 0 0 0 0 0 0 0 0 0 0 100001 0 0 0 0 0 0 0 0 
