40 c 0 p 1 c 1 401 0 0 0 0 0 0 0 0 20004 0 0 0 0 0 0 0 0 0 0 0 0 0 0 0 0 0 0 0 0 0 0 0 0 0 0 10800 0 0 0 0 0 0 0 0 0 0 0 0 0 0 0 0 0 0 0 0 0 0 0 0 0 0 0 0 
40 c 0 p 1 c 1 21 0 0 0 0 0 0 0 0 0 0 0 0 0 0 0 0 0 4200 0 0 0 0 0 0 0 0 200800 0 0 0 0 0 0 0 0 0 0 0 0 0 0 0 0 0 0 0 0 0 0 0 0 0 0 0 0 0 0 0 0 0 0 0 0 0 
40 c 0 p 1 c 1 10800 0 0 0 0 0 0 0 0 42000 0 0 0 0 0 0 0 0 0 0 0 0 0 0 0 0 0 0 8001 0 0 0 0 0 0 0 0 0 0 0 0 0 0 0 0 0 0 0 0 0 0 0 0 0 0 0 0 0 0 0 0 0 0 0 0 
40 c 0 p 1 c 1 210000 0 0 0 0 800100 0 0 0 0 0 0 0 0 0 0 0 0 0 0 0 0 0 0 0 0 0 0 0 0 0 0 0 0 21000 0 0 0 0 0 0 0 0 0 0 0 0 0 0 0 0 0 0 0 0 0 0 0 0 0 0 0 0 0 0 
40 c 0 p 1 c 1 400080 0 0 0 0 0 0 0 0 0 0 0 0 0 0 4200 0 0 0 0 0 0 0 0 0 0 0 0 0 0 0 0 0 42000 0 0 0 0 0 0 0 0 0 0 0 0 0 0 0 0 0 0 0 0 0 0 0 0 0 0 0 0 0 0 0 
40 c 0 p 1 c 1 2008 0 0 0 0 0 210 100020 0 0 0 0 0 0 0 0 0 0 0 0 0 0 0 0 0 0 0 0 0 0 0 0 0 0 0 0 0 0 0 0 0 0 0 0 0 0 0 0 0 0 0 0 0 0 0 0 0 0 0 0 0 0 0 0 0 
40 c 0 p 1 c 1 800008 0 0 0 1004 0 0 0 0 0 0 0 0 0 0 0 0 0 0 0 0 0 0 100001 0 0 0 0 0 0 0 0 0 0 0 0 0 0 0 0 0 0 0 0 0 0 0 0 0 0 0 0 0 0 0 0 0 0 0 0 0 0 0 0 0 
40 c 0 p 1 c 1 42000 0 0 0 0 0 0 0 0 0 0 0 0 0 0 0 0 0 0 8400 0 0 0 0 0 0 0 0 20004 0 0 0 0 0 0 0 0 0 0 0 0 0 0 0 0 0 0 0 0 0 0 0 0 0 0 0 0 0 0 0 0 0 0 0 0 
40 10 0 p 1 10 1 8001 0 0 0 0 0 0 0 0 21 0 0 400080 0 0 0 0 0 0 0 0 0 0 0 0 0 0 0 0 0 0 0 0 0 0 0 210000 0 0 0 0 0 0 0 0 0 0 0 0 0 0 0 0 0 0 0 0 0 0 0 0 0 0 0 0 
40 10 0 p 1 10 1 401 1004000 0 0 0 0 0 0 0 0 0 0 0 0 0 0 0 0 0 0 0 0 0 0 802000 0 0 0 0 0 0 0 0 0 0 0 10040 0 0 0 0 0 0 0 0 0 0 0 0 0 0 0 0 0 0 0 0 0 0 0 0 0 0 0 0 
40 10 0 p 1 10 1 8001 0 0 0 0 0 0 0 0 0 0 0 400004 0 0 0 0 0 0 0 0 0 0 0 0 0 0 0 0 0 210 0 0 0 0 0 10040 0 0 0 0 0 0 0 0 0 0 0 0 0 0 0 0 0 0 0 0 0 0 0 0 0 0 0 0 
40 10 0 p 1 10 1 100001 0 0 0 0 0 0 0 802 0 0 0 0 0 0 0 0 0 0 0 0 0 0 0 0 0 0 0 0 0 1000010 0 0 0 0 0 10040 0 0 0 0 0 0 0 0 0 0 0 0 0 0 0 0 0 0 0 0 0 0 0 0 0 0 0 0 
40 10 0 p 1 10 1 8001 0 0 0 0 0 0 0 0 0 0 0 400080 0 0 0 0 0 0 0 0 0 0 0 0 0 0 4200 0 0 0 0 0 0 0 0 10800 0 0 0 0 0 0 0 0 0 0 0 0 0 0 0 0 0 0 0 0 0 0 0 0 0 0 0 0 
40 10 0 p 1 10 1 401 0 0 1080 0 0 21 0 0 20080 0 0 0 0 0 0 0 0 0 0 0 0 0 0 0 0 0 0 0 0 0 0 0 0 0 0 0 0 0 0 0 0 0 0 0 0 0 0 0 0 0 0 0 0 0 0 0 0 0 0 0 0 0 0 0 
40 10 0 p 1 10 1 21 0 0 20080 0 0 0 0 0 0 0 0 0 0 0 0 0 0 0 0 0 0 0 0 0 0 0 0 80200 0 0 0 0 0 0 0 0 802 0 0 0 0 0 0 0 0 0 0 0 0 0 0 0 0 0 0 0 0 0 0 0 0 0 0 0 
40 10 0 p 1 10 1 21 0 0 400080 0 0 0 0 0 0 0 0 0 0 0 0 0 0 0 0 0 0 0 0 0 0 0 200800 0 0 0 0 0 0 0 0 42000 0 0 0 0 0 0 0 0 0 0 0 0 0 0 0 0 0 0 0 0 0 0 0 0 0 0 0 0 
40 10 0 p 1 10 1 21 0 0 84 0 0 0 0 0 0 0 0 0 0 0 0 0 0 0 0 0 210 0 0 0 0 0 200040 0 0 0 0 0 0 0 0 0 0 0 0 0 0 0 0 0 0 0 0 0 0 0 0 0 0 0 0 0 0 0 0 0 0 0 0 0 
40 10 0 p 1 10 1 100001 0 0 0 0 0 0 0 0 0 0 0 0 0 0 0 0 42000 0 0 0 0 0 210 0 0 0 0 0 0 0 0 0 0 0 0 0 0 0 0 0 840000 0 0 0 0 0 0 0 0 0 0 0 0 0 0 0 0 0 0 0 0 0 0 0 
40 10 0 p 1 10 1 100001 0 0 0 0 0 0 0 0 0 0 0 0 0 0 0 0 40008 0 0 0 0 0 0 100020 0 0 0 0 0 0 0 0 0 0 0 0 0 0 0 0 840000 0 0 0 0 0 0 0 0 0 0 0 0 0 0 0 0 0 0 0 0 0 0 0 
40 10 0 p 1 10 1 401 1000010 0 0 0 0 0 0 0 0 0 0 0 0 0 0 0 0 1004000 0 0 0 0 0 0 0 420000 0 0 0 0 0 0 0 0 0 0 0 0 0 0 0 0 0 0 0 0 0 0 0 0 0 0 0 0 0 0 0 0 0 0 0 0 0 0 
40 10 0 p 1 10 1 8001 0 0 0 0 0 0 0 0 0 0 0 400004 0 0 0 0 0 4010 0 0 0 0 0 0 0 0 0 0 0 0 108000 0 0 0 0 0 0 0 0 0 0 0 0 0 0 0 0 0 0 0 0 0 0 0 0 0 0 0 0 0 0 0 0 0 
40 10 0 p 1 10 1 100020 0 0 0 0 0 0 0 200800 84000 0 0 0 0 0 0 0 0 0 0 0 0 0 0 0 0 0 210000 0 0 0 0 0 0 0 0 0 0 0 0 0 0 0 0 0 0 0 0 0 0 0 0 0 0 0 0 0 0 0 0 0 0 0 0 0 
40 10 0 p 1 10 1 100020 0 0 0 0 0 0 0 802 0 0 0 0 0 0 0 0 0 0 0 0 0 0 0 0 0 0 0 80200 100400 0 0 0 0 0 0 0 0 0 0 0 0 0 0 0 0 0 0 0 0 0 0 0 0 0 0 0 0 0 0 0 0 0 0 0 
40 10 0 p 1 10 1 420 0 0 0 0 0 0 0 0 0 84 0 0 0 0 0 0 0 0 0 0 0 0 0 0 0 0 0 80200 0 0 0 0 0 0 0 0 0 0 0 0 0 0 10002 0 0 0 0 0 0 0 0 0 0 0 0 0 0 0 0 0 0 0 0 0 
40 10 0 p 1 10 1 8020 0 0 0 0 0 0 0 0 0 20004 0 0 0 0 0 0 0 0 0 0 0 0 0 0 0 0 0 80200 0 0 0 0 0 0 0 0 0 0 0 0 0 0 0 0 2100 0 0 0 0 0 0 0 0 0 0 0 0 0 0 0 0 0 0 0 
40 10 0 p 1 10 1 8020 0 0 0 0 0 0 0 0 0 0 0 420000 0 0 0 0 0 0 0 0 0 0 0 0 0 0 0 84000 0 0 0 0 0 0 0 0 0 0 0 0 0 0 0 0 0 10002 0 0 0 0 0 0 0 0 0 0 0 0 0 0 0 0 0 0 
40 10 0 p 1 10 1 420 0 0 0 0 0 0 0 0 0 0 0 0 1080 0 0 0 0 0 0 0 0 0 0 0 0 0 0 84000 0 0 0 0 0 0 0 0 0 0 0 0 0 0 200002 0 0 0 0 0 0 0 0 0 0 0 0 0 0 0 0 0 0 0 0 0 
40 10 0 p 1 10 1 8400 0 0 0 0 0 0 0 0 20004 0 0 400080 0 0 0 0 0 0 0 0 0 0 0 0 0 0 4200 0 0 0 0 0 0 0 0 0 0 0 0 0 0 0 0 0 0 0 0 0 0 0 0 0 0 0 0 0 0 0 0 0 0 0 0 0 
40 10 0 p 1 10 1 100400 1080000 0 0 0 0 0 0 0 0 0 0 0 0 0 0 0 40100 0 0 0 0 0 0 0 0 0 0 0 0 0 0 0 0 0 0 0 420 0 0 0 0 0 0 0 0 0 0 0 0 0 0 0 0 0 0 0 0 0 0 0 0 0 0 0 
40 10 0 p 1 10 1 108000 0 0 0 0 0 0 0 802 0 0 0 400004 0 0 0 0 0 0 0 0 0 0 0 0 0 0 0 0 0 1000200 0 0 0 0 0 0 0 0 0 0 0 0 0 0 0 0 0 0 0 0 0 0 0 0 0 0 0 0 0 0 0 0 0 0 
40 10 0 p 1 10 1 108000 0 0 0 0 0 0 0 840 0 0 0 401000 0 0 8020 0 0 0 0 0 0 0 0 0 0 0 0 0 0 0 0 0 0 0 0 0 0 0 0 0 0 0 0 0 0 0 0 0 0 0 0 0 0 0 0 0 0 0 0 0 0 0 0 0 
40 10 0 p 1 10 1 10002 0 40100 0 0 0 0 0 0 0 0 0 0 0 0 0 0 0 0 0 0 0 0 0 0 0 0 0 0 0 20004 20080 0 0 0 0 0 0 0 0 0 0 0 0 0 0 0 0 0 0 0 0 0 0 0 0 0 0 0 0 0 0 0 0 0 
40 10 0 p 1 10 1 200002 2100 0 0 0 0 0 4010 0 0 0 0 0 0 0 0 0 0 0 0 0 0 0 0 0 0 0 0 0 0 800008 0 0 0 0 0 0 0 0 0 0 0 0 0 0 0 0 0 0 0 0 0 0 0 0 0 0 0 0 0 0 0 0 0 0 
40 10 0 p 1 10 1 10002 800100 0 0 0 802000 0 0 0 0 0 0 0 0 0 0 0 0 0 0 0 0 0 0 8001 0 0 0 0 0 0 0 0 0 0 0 0 0 0 0 0 0 0 0 0 0 0 0 0 0 0 0 0 0 0 0 0 0 0 0 0 0 0 0 0 
40 10 0 p 1 10 1 42 0 0 0 1004 0 0 8020 0 0 0 0 0 0 0 0 0 0 0 0 0 0 1000200 0 0 0 0 0 0 0 0 0 0 0 0 0 0 0 0 0 0 0 0 0 0 0 0 0 0 0 0 0 0 0 0 0 0 0 0 0 0 0 0 0 0 
40 10 0 p 1 10 1 802 0 0 0 0 0 0 0 0 42000 0 0 0 0 0 0 0 0 0 0 0 200040 1080000 0 0 0 0 0 0 0 0 0 0 0 0 0 0 0 0 0 0 0 0 0 0 0 0 0 0 0 0 0 0 0 0 0 0 0 0 0 0 0 0 0 0 
40 10 0 p 1 10 1 10002 0 0 0 0 0 0 0 0 0 0 0 0 0 0 0 0 0 0 0 0 200040 1080000 0 0 0 0 0 8001 0 0 0 0 0 0 0 0 0 0 0 0 0 0 0 0 0 0 0 0 0 0 0 0 0 0 0 0 0 0 0 0 0 0 0 0 
40 10 0 p 1 10 1 200002 0 0 0 0 0 0 0 0 0 0 0 0 0 0 0 0 0 0 0 0 200800 1080000 0 0 0 0 0 0 0 40008 0 0 0 0 0 0 0 0 0 0 0 0 0 0 0 0 0 0 0 0 0 0 0 0 0 0 0 0 0 0 0 0 0 0 
40 10 0 p 1 10 1 10002 0 0 0 0 840000 0 0 0 0 0 0 0 0 0 0 0 0 0 0 0 8400 0 0 0 0 0 0 0 0 0 0 0 400004 0 0 0 0 0 0 0 0 0 0 0 0 0 0 0 0 0 0 0 0 0 0 0 0 0 0 0 0 0 0 0 
40 10 0 p 1 10 1 10002 0 2100 0 0 0 0 0 0 0 0 0 0 0 0 0 0 0 0 0 0 8400 0 0 0 0 0 0 0 0 0 20080 0 0 0 0 0 0 0 0 0 0 0 0 0 0 0 0 0 0 0 0 0 0 0 0 0 0 0 0 0 0 0 0 0 
40 10 0 p 1 10 1 42 0 0 0 0 0 0 8400 1000010 0 0 0 0 0 0 0 0 0 0 0 0 8400 0 0 0 0 0 0 0 0 0 0 0 0 0 0 0 0 0 0 0 0 0 0 0 0 0 0 0 0 0 0 0 0 0 0 0 0 0 0 0 0 0 0 0 
40 10 0 p 1 10 1 200002 0 0 0 0 0 0 0 0 0 0 0 0 0 0 0 0 0 0 0 0 100400 0 0 0 0 0 0 0 802 108 0 0 0 0 0 0 0 0 0 0 0 0 0 0 0 0 0 0 0 0 0 0 0 0 0 0 0 0 0 0 0 0 0 0 
40 10 0 p 1 10 1 200002 0 0 0 0 0 0 0 0 0 0 0 0 0 0 0 0 0 1004 0 0 420 0 0 0 0 0 0 0 0 0 0 0 0 0 0 0 100020 0 0 0 0 0 0 0 0 0 0 0 0 0 0 0 0 0 0 0 0 0 0 0 0 0 0 0 
40 10 0 p 1 10 1 200002 0 0 0 0 0 0 0 0 0 0 0 0 0 800008 0 0 0 0 0 0 420 0 0 0 0 0 0 0 0 0 0 0 0 0 0 0 21 0 0 0 0 0 0 0 0 0 0 0 0 0 0 0 0 0 0 0 0 0 0 0 0 0 0 0 
40 10 0 p 1 10 1 840 0 0 0 0 0 0 0 0 40008 0 0 0 0 0 0 21 0 0 400080 0 0 0 0 0 0 0 0 0 0 0 0 0 0 0 0 0 0 0 0 0 0 0 0 0 0 0 0 0 0 0 0 0 0 0 0 0 0 0 0 0 0 0 0 0 
40 10 0 p 1 10 1 10040 0 0 0 0 0 0 0 0 0 0 0 0 0 0 0 0 0 0 401000 0 0 420 0 0 0 0 0 0 0 0 20080 0 0 0 0 0 0 0 0 0 0 0 0 0 0 0 0 0 0 0 0 0 0 0 0 0 0 0 0 0 0 0 0 0 
40 10 0 p 1 10 1 200040 0 0 0 0 0 0 0 0 0 0 0 0 0 0 0 0 0 0 401000 0 0 8020 0 0 0 0 0 0 0 0 0 0 0 401000 0 0 0 0 0 0 0 0 0 0 0 0 0 0 0 0 0 0 0 0 0 0 0 0 0 0 0 0 0 0 
40 10 0 p 1 10 1 10040 0 0 0 0 802000 0 0 0 0 0 1000010 0 0 0 0 0 0 0 420000 0 0 0 0 0 0 0 0 0 0 0 0 0 0 0 0 0 0 0 0 0 0 0 0 0 0 0 0 0 0 0 0 0 0 0 0 0 0 0 0 0 0 0 0 0 
40 10 0 p 1 10 1 200040 0 0 0 0 0 0 108000 0 0 0 0 0 0 0 840 0 0 0 0 0 0 0 0 0 0 0 0 0 0 0 0 0 0 401000 0 0 0 0 0 0 0 0 0 0 0 0 0 0 0 0 0 0 0 0 0 0 0 0 0 0 0 0 0 0 
40 10 0 p 1 10 1 200040 84000 0 0 0 0 0 108000 0 0 0 0 0 0 0 0 0 0 0 0 0 0 0 0 840000 0 0 0 0 0 0 0 0 0 0 0 0 0 0 0 0 0 0 0 0 0 0 0 0 0 0 0 0 0 0 0 0 0 0 0 0 0 0 0 0 
40 10 0 p 1 10 1 10040 0 0 0 0 0 210 108000 0 0 0 0 0 0 0 0 0 0 0 0 0 0 0 0 0 0 0 0 0 0 0 400080 0 0 0 0 0 0 0 0 0 0 0 0 0 0 0 0 0 0 0 0 0 0 0 0 0 0 0 0 0 0 0 0 0 
40 10 0 p 1 10 1 200800 0 0 0 0 0 0 0 800100 0 0 0 0 0 0 0 0 0 0 0 0 0 0 0 0 0 0 0 0 0 0 0 0 0 1080 0 0 20004 0 0 0 0 0 0 0 0 0 0 0 0 0 0 0 0 0 0 0 0 0 0 0 0 0 0 0 
40 10 0 p 1 10 1 200800 0 0 0 0 0 0 0 0 0 0 0 210 0 0 0 0 0 0 0 0 0 0 0 0 0 0 0 0 0 40008 0 0 0 0 0 0 400004 0 0 0 0 0 0 0 0 0 0 0 0 0 0 0 0 0 0 0 0 0 0 0 0 0 0 0 
40 10 0 p 1 10 1 200800 0 0 0 0 0 0 0 0 0 0 0 0 0 0 0 0 0 0 0 0 0 0 0 0 8400 0 0 0 0 0 0 0 0 21000 0 0 400004 0 0 0 0 0 0 0 0 0 0 0 0 0 0 0 0 0 0 0 0 0 0 0 0 0 0 0 
40 10 0 p 1 10 1 10800 0 0 0 0 800100 0 0 0 0 0 0 0 0 0 0 0 0 0 0 0 0 0 0 0 8400 0 0 0 0 0 0 0 0 0 0 0 400004 0 0 0 0 0 0 0 0 0 0 0 0 0 0 0 0 0 0 0 0 0 0 0 0 0 0 0 
40 10 0 p 1 10 1 200800 0 0 0 10002 0 0 0 0 840000 0 0 0 0 0 0 0 0 0 0 0 0 0 0 0 0 0 0 0 0 0 0 0 0 21000 0 0 0 0 0 0 0 0 0 0 0 0 0 0 0 0 0 0 0 0 0 0 0 0 0 0 0 0 0 0 
40 10 0 p 1 10 1 10800 0 0 0 10002 800100 0 0 0 840000 0 0 0 0 0 0 0 0 0 0 0 0 0 0 0 0 0 0 0 0 0 0 0 0 0 0 0 0 0 0 0 0 0 0 0 0 0 0 0 0 0 0 0 0 0 0 0 0 0 0 0 0 0 0 0 
40 10 0 p 1 10 1 200800 0 0 0 0 0 0 0 0 42000 0 0 0 0 0 0 0 0 0 0 0 840 0 0 0 0 0 0 0 0 40008 0 0 0 0 0 0 0 0 0 0 0 0 0 0 0 0 0 0 0 0 0 0 0 0 0 0 0 0 0 0 0 0 0 0 
40 10 0 p 1 10 1 210000 0 0 0 0 0 0 0 0 0 0 0 0 0 0 0 0 0 0 0 0 0 8400 0 0 0 0 0 0 0 0 20080 0 0 401000 0 0 0 0 0 0 0 0 0 0 0 0 0 0 0 0 0 0 0 0 0 0 0 0 0 0 0 0 0 0 
40 10 0 p 1 10 1 210000 0 0 42000 0 0 0 0 0 0 0 0 0 0 0 0 0 0 0 0 0 0 0 0 0 0 0 0 0 0 0 84 0 0 401000 0 0 0 0 0 0 0 0 0 0 0 0 0 0 0 0 0 0 0 0 0 0 0 0 0 0 0 0 0 0 
40 10 0 p 1 10 1 210000 1080000 0 0 0 800008 0 0 0 21000 0 0 0 0 0 0 0 0 0 0 0 0 0 0 0 0 0 0 0 0 0 0 0 0 0 0 0 0 0 0 0 0 0 0 0 0 0 0 0 0 0 0 0 0 0 0 0 0 0 0 0 0 0 0 0 
40 10 0 p 1 10 1 210000 80010 0 0 0 0 0 42 0 0 0 0 0 0 0 0 0 0 0 0 0 0 0 0 0 0 0 0 401 0 0 0 0 0 0 0 0 0 0 0 0 0 0 0 0 0 0 0 0 0 0 0 0 0 0 0 0 0 0 0 0 0 0 0 0 
40 10 0 p 1 10 1 210000 0 0 0 0 0 0 0 800100 0 0 0 0 0 0 0 0 0 0 0 0 0 0 0 0 0 0 0 401 0 0 0 0 0 1080 0 0 0 0 0 0 0 0 0 0 0 0 0 0 0 0 0 0 0 0 0 0 0 0 0 0 0 0 0 0 
40 10 0 p 1 10 1 210000 0 0 0 0 0 0 0 0 0 0 0 0 0 0 0 0 0 0 0 0 840 0 0 0 0 0 0 8001 0 40008 0 0 0 0 0 0 0 0 0 0 0 0 0 0 0 0 0 0 0 0 0 0 0 0 0 0 0 0 0 0 0 0 0 0 
40 10 0 p 1 10 1 210000 1080000 0 0 0 0 0 0 0 20004 0 0 0 0 0 0 0 0 0 0 0 0 0 0 0 0 0 0 100001 0 0 0 0 0 0 0 0 0 0 0 0 0 0 0 0 0 0 0 0 0 0 0 0 0 0 0 0 0 0 0 0 0 0 0 0 
40 10 0 p 1 10 1 84 0 0 0 0 0 0 0 0 0 0 0 0 0 0 4010 0 0 0 0 0 0 0 0 0 0 0 0 0 0 0 0 0 0 0 0 40008 0 0 0 401000 0 0 0 0 0 0 0 0 0 0 0 0 0 0 0 0 0 0 0 0 0 0 0 0 
40 10 0 p 1 10 1 1004 0 0 400004 0 0 0 0 0 0 0 0 0 0 0 0 0 0 0 0 0 0 0 0 0 0 0 0 0 0 200800 0 0 0 0 0 42000 0 0 0 0 0 0 0 0 0 0 0 0 0 0 0 0 0 0 0 0 0 0 0 0 0 0 0 0 
40 10 0 p 1 10 1 84 0 0 1080 0 0 0 0 0 0 0 0 0 0 0 0 0 0 4200 0 0 0 0 0 0 0 0 0 0 0 0 0 0 210000 0 0 0 0 0 0 0 0 0 0 0 0 0 0 0 0 0 0 0 0 0 0 0 0 0 0 0 0 0 0 0 
40 10 0 p 1 10 1 84 0 0 20080 0 0 0 0 0 0 0 0 0 0 0 0 0 0 4200 0 0 0 0 0 0 0 0 0 0 0 0 0 0 0 0 0 0 0 800100 0 0 0 0 0 0 0 0 0 0 0 0 0 0 0 0 0 0 0 0 0 0 0 0 0 0 
40 10 0 p 1 10 1 1004 0 0 84 0 0 0 0 0 0 0 0 0 0 0 0 0 0 4200 0 0 0 0 0 0 0 0 0 0 0 200800 0 0 0 0 0 0 0 0 0 0 0 0 0 0 0 0 0 0 0 0 0 0 0 0 0 0 0 0 0 0 0 0 0 0 
40 10 0 p 1 10 1 400004 0 0 0 0 0 0 0 0 0 0 0 0 0 0 0 0 200002 80200 0 0 0 0 0 0 0 0 0 0 0 0 0 0 0 0 0 0 0 0 1000010 0 0 0 0 0 0 0 0 0 0 0 0 0 0 0 0 0 0 0 0 0 0 0 0 0 
40 10 0 p 1 10 1 400004 0 0 0 0 0 0 0 0 0 0 0 0 0 0 0 0 0 210 0 0 0 0 0 840 0 0 0 0 0 0 0 0 42000 0 0 0 0 0 0 0 0 0 0 0 0 0 0 0 0 0 0 0 0 0 0 0 0 0 0 0 0 0 0 0 
40 10 0 p 1 10 1 84 0 0 0 0 0 0 0 0 0 0 0 0 0 0 4200 0 0 210 0 0 0 0 0 840 0 0 0 0 0 0 0 0 0 0 0 0 0 0 0 0 0 0 0 0 0 0 0 0 0 0 0 0 0 0 0 0 0 0 0 0 0 0 0 0 
40 10 0 p 1 10 1 1004 0 0 0 0 0 0 0 0 0 0 0 0 0 0 0 1080 0 0 100020 0 0 0 0 0 0 0 0 0 0 0 84000 0 0 0 0 0 0 0 0 0 0 0 0 0 0 0 0 0 0 0 0 0 0 0 0 0 0 0 0 0 0 0 0 0 
40 10 0 p 1 10 1 84 0 0 0 0 0 0 0 0 0 0 0 0 0 0 0 0 0 0 100400 1000200 0 0 0 0 0 0 0 0 0 0 0 0 0 0 0 0 0 840000 0 0 0 0 0 0 0 0 0 0 0 0 0 0 0 0 0 0 0 0 0 0 0 0 0 0 
40 10 0 p 1 10 1 20004 0 0 0 0 0 80010 0 0 0 0 0 0 0 0 0 0 0 0 108000 0 0 0 0 0 0 0 0 0 0 0 0 0 0 0 108 0 0 0 0 0 0 0 0 0 0 0 0 0 0 0 0 0 0 0 0 0 0 0 0 0 0 0 0 0 
40 10 0 p 1 10 1 84 0 0 0 0 0 0 0 0 84000 0 0 0 0 0 0 0 0 0 0 0 0 0 0 0 0 0 10800 0 0 0 0 0 0 0 0 0 0 800008 0 0 0 0 0 0 0 0 0 0 0 0 0 0 0 0 0 0 0 0 0 0 0 0 0 0 
40 10 0 p 1 10 1 20004 0 0 0 0 0 0 0 0 0 0 0 0 0 0 0 0 0 0 0 0 0 0 0 0 0 0 200800 80010 0 0 0 0 0 42 0 0 0 0 0 0 0 0 0 0 0 0 0 0 0 0 0 0 0 0 0 0 0 0 0 0 0 0 0 0 
40 10 0 p 1 10 1 1004 0 0 0 0 0 0 0 0 0 0 0 0 0 0 0 0 0 0 0 0 210 0 0 0 0 0 840 0 0 200800 0 0 0 0 0 0 0 0 0 0 0 0 0 0 0 0 0 0 0 0 0 0 0 0 0 0 0 0 0 0 0 0 0 0 
40 10 0 p 1 10 1 1004 0 0 21 0 0 0 0 0 0 0 0 0 0 0 0 0 0 0 0 0 4010 0 0 0 0 0 840 0 0 0 0 0 0 0 0 0 0 0 0 0 0 0 0 0 0 0 0 0 0 0 0 0 0 0 0 0 0 0 0 0 0 0 0 0 
40 10 0 p 1 10 1 400080 0 0 0 0 0 0 0 0 0 0 0 0 0 0 0 0 0 0 0 0 100001 0 0 0 0 0 0 0 0 0 0 0 0 0 0 0 0 840000 4010 0 0 0 0 0 0 0 0 0 0 0 0 0 0 0 0 0 0 0 0 0 0 0 0 0 
40 10 0 p 1 10 1 1080 0 0 1004 0 0 0 0 0 0 0 0 0 0 0 0 0 0 0 0 0 0 0 0 0 0 0 0 0 0 200800 0 0 210000 0 0 0 0 0 0 0 0 0 0 0 0 0 0 0 0 0 0 0 0 0 0 0 0 0 0 0 0 0 0 0 
40 10 0 p 1 10 1 1080 0 0 21 0 0 84 0 0 0 0 0 0 0 0 0 0 0 0 0 0 0 0 0 0 0 0 0 0 0 0 0 0 10800 0 0 0 0 0 0 0 0 0 0 0 0 0 0 0 0 0 0 0 0 0 0 0 0 0 0 0 0 0 0 0 
40 10 0 p 1 10 1 1080 0 0 0 0 0 0 0 0 0 0 0 0 0 0 0 0 0 0 0 0 0 0 0 210 0 0 0 0 0 200040 0 0 10800 0 0 0 0 0 0 0 0 0 0 0 0 0 0 0 0 0 0 0 0 0 0 0 0 0 0 0 0 0 0 0 
40 10 0 p 1 10 1 401000 0 0 420 1080000 0 0 0 0 0 0 0 0 0 0 0 0 0 0 0 0 0 0 0 0 0 0 0 0 0 0 0 0 2008 0 0 0 0 0 0 0 0 0 0 0 0 0 0 0 0 0 0 0 0 0 0 0 0 0 0 0 0 0 0 0 
40 10 0 p 1 10 1 401000 0 0 0 0 0 0 0 0 0 0 0 0 0 0 0 0 0 2100 0 0 0 0 0 0 0 0 0 0 0 200040 0 0 0 0 0 0 0 0 1000010 0 0 0 0 0 0 0 0 0 0 0 0 0 0 0 0 0 0 0 0 0 0 0 0 0 
40 10 0 p 1 10 1 420000 0 0 0 0 0 0 0 0 0 0 0 0 0 0 0 0 0 100020 0 0 0 0 0 0 0 0 0 0 0 0 0 0 0 0 40100 0 0 0 0 0 0 0 0 0 200040 0 0 0 0 0 0 0 0 0 0 0 0 0 0 0 0 0 0 0 
40 10 0 p 1 10 1 108 0 0 0 0 0 0 0 0 0 0 0 0 0 0 0 0 0 0 0 0 1000010 0 0 0 0 0 0 0 0 0 0 0 0 8400 1080000 0 0 0 0 0 0 0 0 0 0 0 0 0 0 0 0 0 0 0 0 0 0 0 0 0 0 0 0 0 
40 10 0 p 1 10 1 108 0 0 0 0 0 0 0 0 0 0 0 0 42 0 0 0 0 0 0 8400 0 0 0 0 0 0 0 0 0 0 0 0 0 0 1080000 0 0 0 0 0 0 0 0 0 0 0 0 0 0 0 0 0 0 0 0 0 0 0 0 0 0 0 0 0 
40 10 0 p 1 10 1 2008 0 0 0 0 0 4010 0 0 0 0 0 0 0 0 0 0 0 0 0 0 0 0 0 0 0 0 0 0 802000 0 0 0 0 0 80010 0 0 0 0 0 0 0 0 0 0 0 0 0 0 0 0 0 0 0 0 0 0 0 0 0 0 0 0 0 
40 10 0 p 1 10 1 108 0 0 0 0 0 0 0 0 0 0 0 0 0 0 0 0 1004 0 0 420 0 0 0 0 0 0 0 0 0 0 0 0 0 0 80200 0 0 0 0 0 0 0 0 0 0 0 0 0 0 0 0 0 0 0 0 0 0 0 0 0 0 0 0 0 
40 10 0 p 1 10 1 800008 0 0 0 0 0 0 0 0 0 0 0 0 0 0 0 0 401 0 0 0 0 0 0 0 0 20080 0 0 0 0 0 0 0 0 84000 0 0 0 0 0 0 0 0 0 0 0 0 0 0 0 0 0 0 0 0 0 0 0 0 0 0 0 0 0 
40 10 0 p 1 10 1 108 0 0 0 0 0 0 0 0 0 0 0 0 0 0 0 0 8001 0 0 0 0 0 0 0 0 0 0 0 420000 0 0 0 0 0 84000 0 0 0 0 0 0 0 0 0 0 0 0 0 0 0 0 0 0 0 0 0 0 0 0 0 0 0 0 0 
40 10 0 p 1 10 1 800008 0 0 0 0 0 0 0 0 0 0 0 0 0 0 0 0 0 0 0 1080 0 0 21 0 0 0 0 0 0 0 0 0 0 0 84000 0 0 0 0 0 0 0 0 0 0 0 0 0 0 0 0 0 0 0 0 0 0 0 0 0 0 0 0 0 
40 10 0 p 1 10 1 2008 0 0 0 0 0 0 420 0 0 0 0 0 0 0 0 21000 0 0 8020 0 0 0 0 0 0 0 0 0 0 0 0 0 0 0 0 0 0 0 0 0 0 0 0 0 0 0 0 0 0 0 0 0 0 0 0 0 0 0 0 0 0 0 0 0 
40 10 0 p 1 10 1 40008 0 0 0 0 0 0 100020 0 0 0 0 0 0 0 0 0 0 0 0 0 0 0 0 40008 0 0 0 1004 0 0 0 0 0 0 0 0 0 0 0 0 0 0 0 0 0 0 0 0 0 0 0 0 0 0 0 0 0 0 0 0 0 0 0 0 
40 10 0 p 1 10 1 2008 0 0 0 0 0 80010 0 0 0 0 0 0 0 0 0 0 0 0 0 0 0 0 0 0 0 0 0 0 0 0 0 0 0 200002 108 0 0 0 0 0 0 0 0 0 0 0 0 0 0 0 0 0 0 0 0 0 0 0 0 0 0 0 0 0 
40 10 0 p 1 10 1 800008 0 0 0 0 0 0 0 0 0 0 0 0 0 0 0 0 0 0 0 0 0 2008 0 0 0 1080 0 0 0 0 0 0 0 200040 0 0 0 0 0 0 0 0 0 0 0 0 0 0 0 0 0 0 0 0 0 0 0 0 0 0 0 0 0 0 
40 10 0 p 1 10 1 108 0 0 0 0 0 0 0 0 0 0 0 0 0 0 0 0 0 0 0 0 0 0 0 0 0 100001 0 0 20080 0 0 0 0 200800 0 0 0 0 0 0 0 0 0 0 0 0 0 0 0 0 0 0 0 0 0 0 0 0 0 0 0 0 0 0 
40 10 0 p 1 10 1 108 84 0 0 0 0 0 0 0 0 0 0 0 0 0 0 0 0 0 0 100400 0 0 0 0 0 0 0 0 0 0 0 0 0 210000 0 0 0 0 0 0 0 0 0 0 0 0 0 0 0 0 0 0 0 0 0 0 0 0 0 0 0 0 0 0 
40 10 0 p 1 10 1 108 0 0 0 0 0 0 0 0 0 0 0 0 0 0 0 0 0 0 0 0 1000200 0 0 0 0 0 0 0 0 0 0 0 0 210000 0 0 0 0 840000 0 0 0 0 0 0 0 0 0 0 0 0 0 0 0 0 0 0 0 0 0 0 0 0 0 
40 10 0 p 1 10 1 108 0 0 0 21000 0 0 0 0 0 0 0 0 0 0 0 0 0 0 0 0 1000200 0 0 0 0 0 0 0 0 0 0 0 0 0 0 0 0 0 40100 0 0 0 0 0 0 0 0 0 0 0 0 0 0 0 0 0 0 0 0 0 0 0 0 0 
40 10 0 p 1 10 1 108 0 0 0 401000 0 0 0 0 0 0 0 0 0 0 0 0 0 0 0 100400 0 0 0 0 0 0 0 0 0 0 0 0 0 0 0 0 42000 0 0 0 0 0 0 0 0 0 0 0 0 0 0 0 0 0 0 0 0 0 0 0 0 0 0 0 
40 10 0 p 1 10 1 108 0 0 0 1080 0 0 0 0 0 0 0 0 0 0 0 0 0 0 4200 100400 0 0 0 0 0 0 0 0 0 0 0 0 0 0 0 0 0 0 0 0 0 0 0 0 0 0 0 0 0 0 0 0 0 0 0 0 0 0 0 0 0 0 0 0 
40 10 0 p 1 10 1 2100 0 0 0 0 0 0 0 0 0 0 0 0 0 0 0 0 0 0 0 0 1000010 0 0 0 0 0 0 0 0 0 401000 0 0 8020 0 0 0 0 0 0 0 0 0 0 0 0 0 0 0 0 0 0 0 0 0 0 0 0 0 0 0 0 0 0 
40 10 0 p 1 10 1 2100 0 0 0 0 0 0 0 0 0 0 0 0 0 0 0 0 0 0 108000 0 1000010 0 0 0 0 0 840 0 0 0 0 0 0 0 0 0 0 0 0 0 0 0 0 0 0 0 0 0 0 0 0 0 0 0 0 0 0 0 0 0 0 0 0 0 
40 10 0 p 1 10 1 2100 0 0 0 0 0 0 0 0 0 0 0 0 0 0 0 0 0 0 0 0 1000200 100400 0 0 0 0 0 0 0 0 420000 0 0 0 0 0 0 0 0 0 0 0 0 0 0 0 0 0 0 0 0 0 0 0 0 0 0 0 0 0 0 0 0 0 
40 10 0 p 1 10 1 800100 0 0 0 0 0 0 0 0 0 0 0 0 0 0 0 0 0 0 0 8400 0 0 401 0 0 0 0 0 0 0 0 420000 0 0 0 0 0 0 0 0 0 0 0 0 0 0 0 0 0 0 0 0 0 0 0 0 0 0 0 0 0 0 0 0 
40 10 0 p 1 10 1 800100 0 0 0 0 0 0 0 0 0 0 0 0 0 0 0 0 0 0 0 401 0 0 84 0 0 0 0 0 0 0 0 0 0 0 0 0 0 0 0 0 4200 0 0 0 0 0 0 0 0 0 0 0 0 0 0 0 0 0 0 0 0 0 0 0 
40 10 0 p 1 10 1 2100 0 0 0 0 0 0 0 0 0 0 0 42 108 0 0 0 0 0 0 420 0 0 0 0 0 0 0 0 0 0 0 0 0 0 0 0 0 0 0 0 0 0 0 0 0 0 0 0 0 0 0 0 0 0 0 0 0 0 0 0 0 0 0 0 
40 10 0 p 1 10 1 800100 0 0 0 0 0 0 0 0 0 0 0 0 0 0 0 0 8400 0 0 0 0 0 0 0 0 20080 0 0 420000 0 0 0 0 0 0 0 0 0 0 0 0 0 0 0 0 0 0 0 0 0 0 0 0 0 0 0 0 0 0 0 0 0 0 0 
40 10 0 p 1 10 1 800100 0 0 800100 0 0 0 0 0 0 0 0 0 0 0 0 0 0 0 0 0 0 0 401 0 0 0 0 0 20080 0 0 0 0 0 0 0 0 0 0 0 0 0 0 0 0 0 0 0 0 0 0 0 0 0 0 0 0 0 0 0 0 0 0 0 
40 10 0 p 1 10 1 2100 0 0 840000 0 0 0 0 0 0 0 0 0 0 0 0 0 0 0 0 0 0 0 0 0 0 0 0 0 20080 0 400004 0 0 0 0 0 0 0 0 0 0 0 0 0 0 0 0 0 0 0 0 0 0 0 0 0 0 0 0 0 0 0 0 0 
40 10 0 p 1 10 1 42000 0 0 0 0 0 210 0 0 0 0 0 0 0 0 0 0 0 0 0 0 0 0 0 40008 0 0 0 1004 0 0 0 0 0 0 0 0 0 0 0 0 0 0 0 0 0 0 0 0 0 0 0 0 0 0 0 0 0 0 0 0 0 0 0 0 
40 10 0 p 1 10 1 802000 0 0 0 0 0 0 0 0 0 0 0 0 0 0 0 0 0 1000200 108000 0 0 0 0 0 0 20080 0 0 0 0 0 0 0 0 0 0 0 0 0 0 0 0 0 0 0 0 0 0 0 0 0 0 0 0 0 0 0 0 0 0 0 0 0 0 
40 10 0 p 1 10 1 42000 0 0 210 0 0 0 0 0 0 0 0 840 0 0 0 0 0 0 0 0 0 0 0 0 0 0 0 400004 0 0 0 0 0 0 0 0 0 0 0 0 0 0 0 0 0 0 0 0 0 0 0 0 0 0 0 0 0 0 0 0 0 0 0 0 
40 10 0 p 1 10 1 802000 0 0 40100 0 0 0 0 0 0 0 0 0 0 0 0 0 0 0 0 0 0 0 401 0 0 0 0 0 0 0 400004 0 0 0 0 0 0 0 0 0 0 0 0 0 0 0 0 0 0 0 0 0 0 0 0 0 0 0 0 0 0 0 0 0 
40 10 0 p 1 10 1 42000 0 800100 0 0 0 0 0 0 0 0 0 0 0 0 0 0 0 0 0 0 0 0 0 0 0 0 0 84 0 0 420000 0 0 0 0 0 0 0 0 0 0 0 0 0 0 0 0 0 0 0 0 0 0 0 0 0 0 0 0 0 0 0 0 0 
40 10 0 p 1 10 1 1000010 0 0 0 0 0 0 0 0 0 0 0 0 108000 0 0 0 0 0 0 0 0 0 0 0 0 0 0 0 0 42000 0 0 0 0 0 0 0 0 0 0 0 42 0 0 0 0 0 0 0 0 0 0 0 0 0 0 0 0 0 0 0 0 0 0 
40 10 0 p 1 10 1 4010 0 0 0 0 0 0 0 0 0 0 0 210 108000 0 0 0 0 10040 0 0 0 0 0 0 0 0 0 0 0 0 0 0 0 0 0 0 0 0 0 0 0 0 0 0 0 0 0 0 0 0 0 0 0 0 0 0 0 0 0 0 0 0 0 0 
40 10 0 p 1 10 1 210 0 0 0 0 0 0 0 0 802 0 0 0 8001 0 0 0 0 0 0 0 0 0 0 0 0 0 0 0 0 0 1004000 0 0 0 0 0 0 0 0 0 0 0 0 0 0 0 0 0 0 0 0 0 0 0 0 0 0 0 0 0 0 0 0 0 
40 10 0 p 1 10 1 210 100400 0 0 0 0 0 0 0 0 21000 0 0 8020 0 0 0 0 0 0 0 0 0 0 0 0 0 0 0 0 0 0 0 0 0 0 0 0 0 0 0 0 0 0 0 0 0 0 0 0 0 0 0 0 0 0 0 0 0 0 0 0 0 0 0 
40 10 0 p 1 10 1 4010 0 0 0 0 0 2008 0 0 0 0 0 0 8020 0 0 0 0 10040 0 0 0 0 0 0 0 0 0 0 0 0 0 0 0 0 0 0 0 0 0 0 0 0 0 0 0 0 0 0 0 0 0 0 0 0 0 0 0 0 0 0 0 0 0 0 
40 10 0 p 1 10 1 210 0 0 0 0 0 0 0 0 0 0 0 0 8400 0 0 0 0 40008 0 0 0 21000 0 0 0 0 0 0 0 0 0 0 0 0 0 0 0 0 0 0 0 0 0 0 0 0 0 0 0 0 0 0 0 0 0 0 0 0 0 0 0 0 0 0 
40 10 0 p 1 10 1 4010 0 0 0 0 0 10040 0 0 0 0 0 0 0 0 0 0 0 10040 0 0 0 0 0 0 0 0 0 0 0 0 0 0 0 0 0 0 400080 0 0 0 0 0 0 0 0 0 0 0 0 0 0 0 0 0 0 0 0 0 0 0 0 0 0 0 
40 10 0 p 1 10 1 4010 0 0 0 0 0 200040 0 0 0 0 0 0 0 0 0 0 0 0 0 0 0 0 800100 0 0 0 0 0 0 0 0 0 0 0 0 0 0 0 0 0 0 0 420 0 0 0 0 0 0 0 0 0 0 0 0 0 0 0 0 0 0 0 0 0 
40 10 0 p 1 10 1 80010 0 0 0 0 0 42 800100 0 0 0 0 0 0 0 0 0 0 0 0 0 0 0 0 0 0 0 0 0 0 0 0 0 1080 0 0 0 0 0 0 0 0 0 0 0 0 0 0 0 0 0 0 0 0 0 0 0 0 0 0 0 0 0 0 0 
40 10 0 p 1 10 1 1000010 0 0 0 0 0 42 0 20004 0 0 0 0 0 0 0 0 0 0 0 0 0 0 0 0 0 0 100400 0 0 0 0 0 0 0 0 0 0 0 0 0 0 0 0 0 0 0 0 0 0 0 0 0 0 0 0 0 0 0 0 0 0 0 0 0 
40 10 0 p 1 10 1 4010 0 0 0 0 0 0 0 0 0 0 0 0 0 0 0 0 0 10002 0 0 0 0 0 0 400080 0 0 0 0 0 0 0 0 0 0 0 0 0 0 1004000 0 0 0 0 0 0 0 0 0 0 0 0 0 0 0 0 0 0 0 0 0 0 0 0 
40 10 0 p 1 10 1 210 0 0 0 0 0 0 0 0 840 0 0 0 0 0 0 8400 0 0 0 0 0 0 0 0 420000 0 0 0 0 0 0 0 0 0 0 0 0 0 0 0 0 0 0 0 0 0 0 0 0 0 0 0 0 0 0 0 0 0 0 0 0 0 0 0 
40 10 0 p 1 10 1 4200 100001 0 0 0 0 0 0 0 0 0 0 0 0 0 0 0 0 210000 84000 0 0 0 0 0 0 0 0 0 0 0 0 0 0 0 0 0 0 0 0 0 0 0 0 0 0 0 0 0 0 0 0 0 0 0 0 0 0 0 0 0 0 0 0 0 
40 10 0 p 1 10 1 80200 100020 0 0 0 0 0 0 0 0 0 0 0 0 0 0 0 0 0 0 0 0 0 0 0 0 0 0 200002 108 0 0 0 0 0 0 0 0 0 0 0 0 0 0 0 0 0 0 0 0 0 0 0 0 0 0 0 0 0 0 0 0 0 0 0 
40 10 0 p 1 10 1 4200 100020 0 0 0 0 0 0 0 0 0 0 0 0 0 0 0 0 0 0 0 0 0 802000 0 0 0 0 0 80010 0 0 0 0 0 0 0 0 0 0 0 0 0 0 0 0 0 0 0 0 0 0 0 0 0 0 0 0 0 0 0 0 0 0 0 
40 10 0 p 1 10 1 80200 0 0 0 0 0 0 0 0 802 0 0 0 0 0 0 0 0 0 0 0 0 0 0 0 0 0 0 0 0 401 0 0 1080 0 0 0 0 0 0 0 0 0 0 0 0 0 0 0 0 0 0 0 0 0 0 0 0 0 0 0 0 0 0 0 
40 10 0 p 1 10 1 4200 0 0 0 0 0 0 0 0 802 0 0 0 0 0 0 0 0 0 0 0 0 0 800008 0 0 0 0 0 0 420 0 0 0 0 0 0 0 0 0 0 0 0 0 0 0 0 0 0 0 0 0 0 0 0 0 0 0 0 0 0 0 0 0 0 
40 10 0 p 1 10 1 1000200 0 0 0 0 0 0 0 21000 0 0 0 0 0 0 0 0 0 40100 0 0 0 0 0 0 0 0 0 0 0 0 0 0 0 0 0 0 0 0 1080000 0 0 0 0 0 0 0 0 0 0 0 0 0 0 0 0 0 0 0 0 0 0 0 0 0 
40 10 0 p 1 10 1 1000200 0 0 0 0 0 0 0 0 0 0 0 0 0 0 0 0 0 42000 0 0 0 0 0 4010 0 0 0 0 0 0 0 0 0 0 0 0 0 0 0 0 0 10002 0 0 0 0 0 0 0 0 0 0 0 0 0 0 0 0 0 0 0 0 0 0 
40 10 0 p 1 10 1 84000 0 0 0 0 0 0 0 0 0 0 0 0 0 0 0 0 0 0 0 0 0 0 800008 0 0 0 0 0 0 21 0 0 1080 0 0 0 0 0 0 0 0 0 0 0 0 0 0 0 0 0 0 0 0 0 0 0 0 0 0 0 0 0 0 0 
40 10 0 p 1 10 1 1004000 0 0 0 0 0 0 0 20004 0 0 0 0 0 0 0 0 0 0 0 0 0 0 802000 0 0 0 0 0 0 0 0 0 0 0 840 0 0 0 0 0 0 0 0 0 0 0 0 0 0 0 0 0 0 0 0 0 0 0 0 0 0 0 0 0 
40 10 0 p 1 10 1 1004000 0 0 0 0 0 100001 0 0 0 0 0 0 0 0 0 0 0 0 0 0 0 0 840000 0 0 0 0 0 0 0 0 0 0 0 0 0 0 0 0 0 0 10002 0 0 0 0 0 0 0 0 0 0 0 0 0 0 0 0 0 0 0 0 0 0 
40 10 0 p 1 10 1 84000 0 0 0 0 0 0 0 0 0 0 0 0 0 840 0 0 0 0 0 0 0 0 840000 0 0 0 0 0 0 0 0 0 401000 0 0 0 0 0 0 0 0 0 0 0 0 0 0 0 0 0 0 0 0 0 0 0 0 0 0 0 0 0 0 0 
40 10 0 p 1 10 1 1080000 0 0 0 0 0 0 0 20080 0 0 0 0 0 0 0 0 0 0 0 0 0 0 4010 0 0 0 0 0 0 0 0 0 0 0 0 8020 0 0 0 0 0 0 0 0 0 0 0 0 0 0 0 0 0 0 0 0 0 0 0 0 0 0 0 0 
40 10 0 p 1 10 1 1080000 0 0 0 108 0 0 0 21000 0 0 0 0 0 0 0 0 0 0 0 0 0 0 0 0 0 0 0 0 0 0 0 0 21000 0 0 0 0 0 0 0 0 0 0 0 0 0 0 0 0 0 0 0 0 0 0 0 0 0 0 0 0 0 0 0 
40 10 0 p 1 10 1 1080000 0 0 0 0 0 0 0 20080 0 0 0 0 0 0 0 0 0 0 0 0 0 0 0 0 0 0 0 0 2008 0 0 0 0 0 0 0 0 0 0 0 10040 0 0 0 0 0 0 0 0 0 0 0 0 0 0 0 0 0 0 0 0 0 0 0 
40 11 0 p 1 11 1 80021 0 0 0 0 0 0 0 0 0 0 0 0 0 0 0 0 0 0 0 0 0 0 0 0 0 0 200c00 0 0 0 0 0 0 0 0 70020 0 0 0 0 0 0 0 0 0 0 0 0 0 0 0 0 0 0 0 0 0 0 0 0 0 0 0 0 
40 11 0 p 1 11 1 605 1120000 0 0 0 0 0 0 0 0 0 0 0 0 0 0 0 0 0 0 0 0 0 0 0 0 0 0 0 0 0 0 0 0 0 0 50100 0 0 0 0 0 0 0 0 0 0 0 0 0 0 0 0 0 0 0 0 0 0 0 0 0 0 0 0 
40 12 0 p 1 12 1 43 108 0 0 0 0 0 0 0 0 0 0 0 0 0 0 0 0 0 0 0 0 0 0 0 0 0 0 0 0 0 0 0 0 0 0 90002 0 0 0 0 0 0 0 0 0 0 0 0 0 0 0 0 0 0 0 0 0 1000010 0 0 0 0 0 0 
40 11 0 p 1 11 1 11005 0 0 0 0 0 0 0 0 0 0 0 0 0 0 0 0 0 0 0 0 0 0 0 0 0 0 0 0 0 0 90080 0 0 0 0 850000 0 0 0 0 0 0 0 0 0 0 0 0 0 0 0 0 0 0 0 0 0 0 0 0 0 0 0 0 
40 12 0 p 1 12 1 1005 0 0 0 0 0 0 0 0 0 0 0 0 0 0 0 0 0 0 0 0 0 0 0 0 0 0 0 0 0 0 84000 0 0 0 0 50200 0 0 0 0 0 0 0 0 0 0 0 0 0 0 0 0 0 840000 0 0 0 0 0 0 0 0 0 0 
40 e 0 p 1 e 1 20005 0 0 0 0 0 0 0 0 0 0 0 0 0 0 0 0 0 0 0 0 0 0 0 0 0 0 0 0 0 0 0 0 0 0 0 52000 0 0 0 0 0 0 0 0 0 0 0 0 0 0 0 0 0 0 8400 0 0 0 0 0 0 0 0 0 
40 e 0 p 1 e 1 400005 0 0 0 0 0 0 0 0 0 0 0 0 0 0 0 0 0 0 0 0 0 0 0 0 0 0 0 0 0 0 0 0 0 0 0 50200 0 0 0 0 0 0 0 0 840 0 0 0 0 0 0 0 0 0 0 0 0 0 0 0 0 0 0 0 
40 11 0 p 1 11 1 207 120100 0 0 0 0 0 0 0 0 0 0 0 0 0 0 0 0 0 0 0 0 0 0 0 0 0 0 0 0 0 0 0 0 0 0 50100 0 0 0 0 0 0 0 0 0 0 0 0 0 0 0 0 0 0 0 0 0 0 0 0 0 0 0 0 
40 11 0 p 1 11 1 200205 1a0000 0 0 0 0 0 0 0 0 0 0 0 0 0 0 0 0 0 0 0 0 0 0 0 0 0 0 0 0 0 0 0 0 0 0 50100 0 0 0 0 0 0 0 0 0 0 0 0 0 0 0 0 0 0 0 0 0 0 0 0 0 0 0 0 
40 11 0 p 1 11 1 1005 0 0 480020 0 0 0 0 0 0 0 0 0 0 0 0 0 0 0 0 0 0 0 0 0 0 0 0 0 0 0 0 0 0 0 0 53000 0 0 0 0 0 0 0 0 0 0 0 0 0 0 0 0 0 0 0 0 0 0 0 0 0 0 0 0 
40 10 0 p 1 10 1 2005 0 0 0 0 0 200012 0 0 0 0 0 0 0 0 0 0 0 0 0 0 0 0 0 0 0 0 0 0 0 0 0 0 0 0 0 70008 0 0 0 0 0 0 0 0 0 0 0 0 0 0 0 0 0 0 0 0 0 0 0 0 0 0 0 0 
40 11 0 p 1 11 1 1100001 0 0 0 0 0 0 0 60820 0 0 0 0 0 0 0 0 0 0 0 0 0 0 0 0 0 0 0 0 0 0 0 0 0 0 0 90004 0 0 0 0 0 0 0 0 0 0 0 0 0 0 0 0 0 0 0 0 0 0 0 0 0 0 0 0 
40 11 0 p 1 11 1 107 0 0 0 0 0 0 0 0 0 0 0 0 0 0 0 0 0 0 0 0 1000480 0 0 0 0 0 0 0 0 0 0 0 0 0 0 54000 0 0 0 0 0 0 0 0 0 0 0 0 0 0 0 0 0 0 0 0 0 0 0 0 0 0 0 0 
40 10 0 p 1 10 1 3005 0 0 0 0 0 0 0 0 0 0 0 0 0 0 0 0 0 0 0 0 0 0 0 0 0 0 0 0 0 0 490000 0 0 0 0 850000 0 0 0 0 0 0 0 0 0 0 0 0 0 0 0 0 0 0 0 0 0 0 0 0 0 0 0 0 
40 10 0 p 1 10 1 400005 0 0 0 0 0 0 0 0 0 0 0 0 0 0 0 0 0 0 0 0 0 0 0 0 0 0 0 0 0 0 0 0 3001 0 0 500a0 0 0 0 0 0 0 0 0 0 0 0 0 0 0 0 0 0 0 0 0 0 0 0 0 0 0 0 0 
40 10 0 p 1 10 1 20005 0 0 0 0 0 0 0 0 0 0 0 0 0 0 0 0 0 0 0 0 0 0 0 0 0 0 0 0 0 0 0 0 0 0 200500 10d0000 0 0 0 0 0 0 0 0 0 0 0 0 0 0 0 0 0 0 0 0 0 0 0 0 0 0 0 0 
40 10 0 p 1 10 1 2000d 0 0 0 0 0 0 0 0 0 0 0 0 0 0 0 0 0 0 0 0 0 0 0 0 0 0 0 0 0 0 0 0 0 0 80102 50100 0 0 0 0 0 0 0 0 0 0 0 0 0 0 0 0 0 0 0 0 0 0 0 0 0 0 0 0 
40 10 0 p 1 10 1 80401 0 0 0 0 0 0 0 0 20004 0 0 0 0 0 0 0 0 0 0 0 0 0 0 0 0 0 0 0 0 0 0 0 0 0 0 10820 0 0 0 0 0 0 0 0 0 0 0 0 0 0 0 0 0 0 0 0 0 0 0 0 0 0 0 0 
40 11 0 p 1 11 1 88001 0 0 0 0 0 0 0 0 0 0 0 0 0 0 0 0 0 0 0 0 0 0 0 0 0 0 0 0 0 0 0 0 0 0 0 10a20 0 0 0 0 0 0 0 0 42800 0 0 0 0 0 0 0 0 0 0 0 0 0 0 0 0 0 0 0 
40 f 0 p 1 f 1 88001 0 0 0 0 0 0 0 0 0 0 0 0 0 0 0 0 0 0 0 0 0 0 0 0 0 0 0 0 0 0 0 0 0 0 0 10820 0 0 0 0 0 0 0 0 42000 0 0 0 0 0 0 0 0 0 0 0 0 0 0 0 0 0 0 0 
40 11 0 p 1 11 1 80025 0 0 0 0 0 0 0 0 0 0 0 0 0 0 0 0 0 0 0 0 0 0 0 0 0 0 0 1080000 0 0 0 0 0 0 0 70020 0 0 0 0 0 0 0 0 0 0 0 0 0 0 0 0 0 0 0 0 0 0 0 0 0 0 0 0 
40 11 0 p 1 11 1 88005 0 0 0 0 0 0 0 0 0 0 0 0 0 0 0 0 0 0 0 0 0 0 0 0 0 0 0 0 0 0 0 0 0 0 0 50820 0 0 0 0 0 0 0 0 42000 0 0 0 0 0 0 0 0 0 0 0 0 0 0 0 0 0 0 0 
40 10 0 p 1 10 1 88005 0 0 0 0 0 0 0 0 0 0 0 0 0 0 0 0 0 0 0 0 0 0 0 0 0 0 0 0 0 0 0 0 0 0 0 500a0 0 0 0 0 0 0 0 0 0 0 0 0 0 0 4010 0 0 0 0 0 0 0 0 0 0 0 0 0 
40 11 0 p 1 11 1 80805 0 0 0 0 0 0 0 0 0 0 0 0 0 0 0 0 0 0 0 0 0 0 0 0 0 0 0 0 0 0 0 0 0 0 0 50120 0 0 0 0 0 0 0 0 0 0 0 0 0 0 0 0 0 0 0 100400 0 0 0 0 0 0 0 0 
40 11 0 p 1 11 1 90005 0 0 0 0 802000 0 0 0 0 0 0 0 0 0 0 0 0 0 0 0 0 0 0 0 0 0 0 0 0 0 0 0 0 0 0 450020 0 0 0 0 0 0 0 0 0 0 0 0 0 0 0 0 0 0 0 0 0 0 0 0 0 0 0 0 
40 11 0 p 1 11 1 a0005 0 0 0 0 0 0 0 0 0 0 0 0 0 0 0 0 0 0 0 0 0 0 0 0 0 0 0 0 0 0 0 0 0 0 0 52020 0 0 0 0 0 0 0 0 0 0 0 0 0 0 0 0 0 0 8400 0 0 0 0 0 0 0 0 0 
40 10 0 p 1 10 1 180005 0 0 0 0 0 0 0 0 0 0 0 0 0 0 0 0 42000 0 0 0 0 0 0 0 0 0 0 0 0 0 0 0 0 0 0 58020 0 0 0 0 0 0 0 0 0 0 0 0 0 0 0 0 0 0 0 0 0 0 0 0 0 0 0 0 
40 11 0 p 1 11 1 90005 0 0 0 0 0 0 0 0 0 0 0 0 0 0 0 0 0 0 0 0 0 0 0 0 0 0 0 100001 0 0 0 0 0 0 0 50820 0 0 0 0 0 0 0 0 0 0 0 0 0 0 0 0 0 0 0 0 0 0 0 0 0 0 0 0 
40 11 0 p 1 11 1 a0005 0 0 0 0 0 0 0 0 0 0 0 0 0 0 0 0 0 0 0 0 0 0 0 0 0 0 0 0 0 0 0 0 0 0 0 50024 0 0 0 0 0 0 0 0 0 0 0 0 0 0 0 0 0 0 100400 0 0 0 0 0 0 0 0 0 
40 f 0 p 1 f 1 80015 0 0 0 0 0 42 0 0 0 0 0 0 0 0 0 0 0 0 0 0 0 0 0 0 0 0 0 0 0 0 0 0 0 0 0 70020 0 0 0 0 0 0 0 0 0 0 0 0 0 0 0 0 0 0 0 0 0 0 0 0 0 0 0 0 
40 10 0 p 1 10 1 80015 0 0 0 0 0 200040 0 0 0 0 0 0 0 0 0 0 0 0 0 0 0 0 0 0 0 0 0 0 0 0 0 0 0 0 0 50028 0 0 0 0 0 0 0 0 0 0 0 0 0 0 0 0 0 0 0 0 0 0 0 0 0 0 0 0 
40 f 0 p 1 f 1 a0001 0 0 0 0 0 0 0 0 0 0 0 0 0 0 0 0 0 0 0 0 0 0 0 0 0 0 0 0 0 0 0 0 0 0 0 12020 0 0 0 0 0 0 0 0 0 0 0 0 0 0 0 0 0 0 8400 0 0 0 0 0 0 0 0 0 
40 11 0 p 1 11 1 a0009 0 0 0 0 0 0 0 0 0 0 0 0 0 0 0 0 0 0 0 0 0 0 0 0 0 0 0 0 0 0 0 0 0 0 80102 10120 0 0 0 0 0 0 0 0 0 0 0 0 0 0 0 0 0 0 0 0 0 0 0 0 0 0 0 0 
40 11 0 p 1 11 1 88001 0 0 0 0 0 0 0 0 0 0 0 0 0 0 0 0 0 0 0 0 0 0 0 0 0 0 0 0 0 0 0 0 0 0 0 10c20 0 0 0 0 0 0 0 0 62000 0 0 0 0 0 0 0 0 0 0 0 0 0 0 0 0 0 0 0 
40 11 0 p 1 11 1 a0001 0 0 0 0 0 0 0 0 0 0 0 0 0 0 0 0 0 0 0 0 0 0 0 0 0 0 0 0 0 0 0 0 0 0 302 110120 0 0 0 0 0 0 0 0 0 0 0 0 0 0 0 0 0 0 0 0 0 0 0 0 0 0 0 0 
40 11 0 p 1 11 1 20005 0 0 0 0 0 0 0 0 0 0 0 0 0 0 0 0 0 0 0 0 0 0 0 0 0 0 0 0 0 0 0 0 0 0 302 150100 0 0 0 0 0 0 0 0 0 0 0 0 0 0 0 0 0 0 0 0 0 0 0 0 0 0 0 0 
40 11 0 p 1 11 1 1000405 0 0 0 0 0 0 0 0 0 0 0 0 0 0 0 0 0 0 0 0 0 0 0 0 0 0 0 0 0 0 0 0 0 0 0 50008 0 0 0 0 0 0 122 0 0 0 0 0 0 0 0 0 0 0 0 0 0 0 0 0 0 0 0 0 
40 11 0 p 1 11 1 20805 0 0 0 0 0 0 0 0 0 0 0 0 0 0 0 0 0 0 0 0 0 0 0 0 0 0 0 0 0 0 0 0 0 0 0 50100 0 0 0 0 0 0 0 0 0 0 0 0 0 0 0 0 0 0 0 1100400 0 0 0 0 0 0 0 0 
40 11 0 p 1 11 1 a5 0 0 0 0 0 0 0 0 0 0 0 0 0 0 0 0 0 0 0 0 0 0 0 0 0 0 0 0 0 0 0 0 0 0 0 50010 0 0 0 0 0 0 0 0 0 0 0 0 0 0 0 0 0 0 0 0 0 0 0 0 401001 0 0 0 
40 11 0 p 1 11 1 401001 0 0 a5 0 0 0 0 0 0 0 0 0 0 0 0 0 0 0 0 0 0 0 0 0 0 0 0 0 0 0 0 0 0 0 0 0 0 0 50010 0 0 0 0 0 0 0 0 0 0 0 0 0 0 0 0 0 0 0 0 0 0 0 0 0 
40 11 0 p 1 11 1 1101 0 0 2a1 0 0 0 0 0 0 0 0 0 0 0 0 0 0 0 0 0 1044000 0 0 0 0 0 0 0 0 0 0 0 0 0 0 0 0 0 0 0 0 0 0 0 0 0 0 0 0 0 0 0 0 0 0 0 0 0 0 0 0 0 0 0 
40 11 0 p 1 11 1 1051 0 0 400a0 0 0 0 0 0 0 0 0 0 0 0 0 0 0 0 0 0 0 0 0 0 0 0 0 0 0 0 0 0 0 0 0 0 0 0 0 0 0 0 0 0 0 0 0 0 0 0 0 0 0 0 0 0 0 2810 0 0 0 0 0 0 
40 11 0 p 1 11 1 1005 0 0 4800a0 0 0 0 0 0 0 0 0 0 0 0 0 0 0 0 0 0 0 0 0 0 0 0 0 0 0 0 0 0 0 0 0 43000 0 0 0 0 0 0 0 0 0 0 0 0 0 0 0 0 0 0 0 0 0 0 0 0 0 0 0 0 
40 e 0 p 1 e 1 1005 0 0 4000a0 0 0 0 0 0 0 0 0 0 0 0 0 0 0 0 0 0 0 0 0 0 0 0 0 0 0 0 0 0 0 0 0 42000 0 0 0 0 0 0 0 0 0 0 0 0 0 0 0 0 0 0 0 0 0 0 0 0 0 0 0 0 
40 f 0 p 1 f 1 1081 0 0 200a0 0 0 0 0 0 0 0 0 0 0 0 0 0 0 0 0 0 0 0 0 0 0 0 0 0 0 0 0 0 0 0 0 0 0 800100 0 0 0 0 0 0 0 0 0 0 0 0 0 0 0 0 0 0 0 0 0 0 0 0 0 0 
40 f 0 p 1 f 1 1081 0 0 10a0 0 0 0 0 0 0 0 0 0 0 0 0 0 0 0 0 0 0 0 0 0 0 0 0 0 0 0 0 0 210000 0 0 0 0 0 0 0 0 0 0 0 0 0 0 0 0 0 0 0 0 0 0 0 0 0 0 0 0 0 0 0 
40 f 0 p 1 f 1 21001 0 0 4000a0 0 0 0 0 0 0 0 0 0 0 0 0 0 0 0 0 0 0 0 0 0 0 0 0 0 0 0 0 0 0 0 0 0 0 0 0 0 0 0 0 0 0 0 0 0 0 0 0 0 0 0 8400 0 0 0 0 0 0 0 0 0 
40 f 0 p 1 f 1 1101 0 0 8000a0 0 0 0 0 0 0 0 0 0 0 0 0 0 0 0 0 0 0 0 0 0 0 0 0 0 20080 0 0 0 0 0 0 0 0 0 0 0 0 0 0 0 0 0 0 0 0 0 0 0 0 0 0 0 0 0 0 0 0 0 0 0 
40 e 0 p 1 e 1 3001 0 0 400a0 0 0 0 0 0 0 0 0 0 0 0 0 0 0 0 0 0 0 0 0 0 0 0 0 0 0 0 400004 0 0 0 0 0 0 0 0 0 0 0 0 0 0 0 0 0 0 0 0 0 0 0 0 0 0 0 0 0 0 0 0 0 
40 11 0 p 1 11 1 1011 0 0 408a0 0 0 0 0 0 0 0 0 0 0 0 0 0 0 0 0 0 0 0 0 0 0 0 0 0 0 0 0 0 0 0 0 0 0 0 0 0 0 0 0 0 0 0 0 0 0 0 0 0 0 0 0 0 0 2a00 0 0 0 0 0 0 
40 10 0 p 1 10 1 5001 0 0 500a0 0 0 0 0 0 0 0 0 0 0 0 0 0 0 0 0 0 0 0 0 0 0 0 0 0 0 0 0 0 0 0 0 0 0 0 0 0 0 0 0 0 0 0 0 0 4280 0 0 0 0 0 0 0 0 0 0 0 0 0 0 0 
40 11 0 p 1 11 1 1101 0 0 2a4 0 0 0 0 0 0 0 0 0 0 0 0 0 0 0 0 0 1040200 0 0 0 0 0 0 0 0 0 0 0 0 0 0 0 0 0 0 0 0 0 0 0 0 0 0 0 0 0 0 0 0 0 0 0 0 0 0 0 0 0 0 0 
40 f 0 p 1 f 1 1101 0 0 a4 0 0 0 0 0 0 0 0 0 0 0 0 0 0 0 0 0 1000200 0 0 0 0 0 0 0 0 0 0 0 0 0 0 0 0 0 0 0 0 0 0 0 0 0 0 0 0 0 0 0 0 0 0 0 0 0 0 0 0 0 0 0 
40 10 0 p 1 10 1 1101 0 0 42a0 0 0 0 0 0 0 0 0 0 0 0 0 0 0 0 0 0 1050000 0 0 0 0 0 0 0 0 0 0 0 0 0 0 0 0 0 0 0 0 0 0 0 0 0 0 0 0 0 0 0 0 0 0 0 0 0 0 0 0 0 0 0 
40 11 0 p 1 11 1 21001 0 0 4000e0 0 0 0 0 0 0 0 0 0 0 0 0 0 0 0 0 0 0 0 0 0 0 0 0 0 0 0 0 0 0 0 0 0 0 0 0 0 0 0 0 0 0 0 0 0 0 0 0 0 0 0 a400 0 0 0 0 0 0 0 0 0 
40 10 0 p 1 10 1 3001 0 0 500a0 0 0 0 0 0 0 0 0 0 0 0 0 0 0 0 0 0 0 0 0 0 0 0 0 0 0 0 400005 0 0 0 0 0 0 0 0 0 0 0 0 0 0 0 0 0 0 0 0 0 0 0 0 0 0 0 0 0 0 0 0 0 
40 11 0 p 1 11 1 5001 0 0 10004a0 0 0 0 0 0 0 0 0 0 0 0 0 0 0 0 0 0 0 0 0 0 0 0 0 0 0 0 0 0 0 0 0 0 0 0 0 0 0 0 0 0 0 103 0 0 0 0 0 0 0 0 0 0 0 0 0 0 0 0 0 0 
40 f 0 p 1 f 1 5001 0 0 42a0 0 0 0 0 0 0 0 0 0 0 0 0 0 0 0 0 0 0 0 0 0 0 0 0 0 0 0 0 0 0 0 0 0 0 0 0 0 0 0 0 0 0 0 0 0 85 0 0 0 0 0 0 0 0 0 0 0 0 0 0 0 
40 f 0 p 1 f 1 60001 0 0 4000c0 0 0 0 0 0 0 0 0 0 0 0 0 0 0 0 0 0 0 0 0 0 0 0 0 0 0 0 0 0 0 0 0 0 0 0 0 0 0 0 0 0 0 0 0 0 0 0 0 0 0 0 ac00 0 0 0 0 0 0 0 0 0 
40 11 0 p 1 11 1 1100001 0 0 0 0 0 0 0 4a0800 0 0 0 0 0 0 0 0 0 0 0 0 0 0 0 0 0 0 0 0 0 0 0 0 0 0 0 0 0 0 0 0 803000 0 0 0 0 0 0 0 0 0 0 0 0 0 0 0 0 0 0 0 0 0 0 0 
40 f 0 p 1 f 1 900001 0 0 0 0 0 0 0 0 0 0 0 0 0 0 0 0 0 0 0 0 0 0 0 0 0 0 0 0 0 0 0 0 0 0 0 0 0 0 0 0 804002 0 0 0 0 0 0 0 0 0 0 0 0 0 0 0 0 0 0 0 0 0 1000200 0 
40 10 0 p 1 10 1 820001 0 0 0 0 0 0 0 0 0 0 0 0 0 0 0 0 0 0 0 0 0 0 0 0 0 0 0 0 0 0 0 0 0 0 2100 0 0 0 0 0 804010 0 0 0 0 0 0 0 0 0 0 0 0 0 0 0 0 0 0 0 0 0 0 0 
40 11 0 p 1 11 1 4401 0 0 0 0 0 0 0 0 20600 0 0 0 0 0 0 0 0 34800 0 0 0 0 0 0 0 0 0 0 0 0 0 0 0 0 0 0 0 0 0 0 0 0 0 0 0 0 0 0 0 0 0 0 0 0 0 0 0 0 0 0 0 0 0 0 
40 11 0 p 1 11 1 4401 0 0 0 0 0 0 0 0 20a00 0 0 0 0 0 0 0 0 54800 0 0 0 0 0 0 0 0 0 0 0 0 0 0 0 0 0 0 0 0 0 0 0 0 0 0 0 0 0 0 0 0 0 0 0 0 0 0 0 0 0 0 0 0 0 0 
40 e 0 p 1 e 1 1005 0 0 0 0 0 0 0 0 0 0 0 0 0 0 0 0 0 6200 0 0 0 0 0 0 0 0 0 0 0 200040 0 0 0 0 0 0 0 0 0 0 0 0 0 0 0 0 0 0 0 0 0 0 0 0 0 0 0 0 0 0 0 0 0 0 
40 e 0 p 1 e 1 400005 0 0 0 0 0 0 0 0 0 0 0 0 0 0 0 0 0 4300 0 0 0 0 0 0 0 0 0 0 0 0 0 0 0 0 0 0 0 0 1000010 0 0 0 0 0 0 0 0 0 0 0 0 0 0 0 0 0 0 0 0 0 0 0 0 0 
40 f 0 p 1 f 1 400005 0 0 0 0 0 0 0 0 0 0 0 0 0 0 0 0 0 4204 0 0 0 0 0 0 0 0 0 0 0 0 0 0 0 0 0 0 0 0 0 0 0 0 0 0 840 0 0 0 0 0 0 0 0 0 0 0 0 0 0 0 0 0 0 0 
40 12 0 p 1 12 1 400005 0 0 0 0 0 0 0 0 0 0 0 0 0 0 0 0 0 5200 0 0 21 0 0 0 0 0 0 0 0 0 0 0 0 0 0 0 0 0 4010 0 0 0 0 0 0 0 0 0 0 0 0 0 0 0 0 0 0 0 0 0 0 0 0 0 
40 f 0 p 1 f 1 105 0 0 0 0 0 0 0 0 0 0 0 0 0 0 0 0 0 404200 0 0 0 0 0 0 0 0 0 0 0 0 0 0 0 0 0 0 0 0 0 0 0 0 0 0 0 0 0 0 0 0 0 0 0 0 0 0 0 0 0 0 0 0 42 0 
40 11 0 p 1 11 1 207 0 0 0 0 0 0 0 0 0 0 0 0 0 0 0 0 0 45200 0 0 420 0 0 0 0 0 0 0 0 0 0 0 0 0 0 0 0 0 0 0 0 0 0 0 0 0 0 0 0 0 0 0 0 0 0 0 0 0 0 0 0 0 0 0 
40 10 0 p 1 10 1 24d 0 0 0 0 0 0 8020 0 0 0 0 0 0 0 0 0 0 44200 0 0 0 0 0 0 0 0 0 0 0 0 0 0 0 0 0 0 0 0 0 0 0 0 0 0 0 0 0 0 0 0 0 0 0 0 0 0 0 0 0 0 0 0 0 0 
40 11 0 p 1 11 1 2020d 0 0 0 0 0 0 0 0 0 0 0 0 0 0 0 0 0 44200 0 0 0 0 0 0 0 0 0 0 0 0 0 0 0 200002 0 0 0 0 0 0 0 0 0 0 0 0 0 0 0 0 0 0 0 0 0 0 0 0 0 0 0 0 0 0 
40 f 0 p 1 f 1 85 0 0 0 0 0 0 0 0 0 0 0 0 0 0 5001 0 0 42a0 0 0 0 0 0 0 0 0 0 0 0 0 0 0 0 0 0 0 0 0 0 0 0 0 0 0 0 0 0 0 0 0 0 0 0 0 0 0 0 0 0 0 0 0 0 0 
40 11 0 p 1 11 1 103 0 0 0 0 0 0 0 0 0 0 0 0 0 0 0 0 0 5001 0 0 10004a0 0 0 0 0 0 0 0 0 0 0 0 0 0 0 0 0 0 0 0 0 0 0 0 0 0 0 0 0 0 0 0 0 0 0 0 0 0 0 0 0 0 0 0 
40 11 0 p 1 11 1 4007 0 0 0 0 0 0 0 0 0 0 0 0 0 0 0 0 0 15200 0 0 420 0 0 0 0 0 0 0 0 0 0 0 0 0 0 0 0 0 0 0 0 0 0 0 0 0 0 0 0 0 0 0 0 0 0 0 0 0 0 0 0 0 0 0 
40 11 0 p 1 11 1 5005 0 0 0 0 0 0 0 0 0 0 0 0 0 0 0 0 0 16200 0 0 0 0 0 0 0 0 0 0 0 200040 0 0 0 0 0 0 0 0 0 0 0 0 0 0 0 0 0 0 0 0 0 0 0 0 0 0 0 0 0 0 0 0 0 0 
40 11 0 p 1 11 1 4805 0 0 0 0 0 0 0 0 0 0 0 0 0 0 0 0 0 14240 0 0 0 0 0 0 0 0 0 0 0 0 0 0 0 0 0 0 400004 0 0 0 0 0 0 0 0 0 0 0 0 0 0 0 0 0 0 0 0 0 0 0 0 0 0 0 
40 e 0 p 1 e 1 4205 0 0 0 0 0 0 0 0 0 0 0 0 0 0 0 0 0 54200 0 0 0 0 0 0 0 0 0 0 0 0 0 0 0 0 0 0 0 0 0 0 0 0 0 0 0 0 0 0 0 0 0 0 0 0 0 0 0 0 0 0 0 0 0 0 
40 e 0 p 1 e 1 5001 0 0 0 0 0 0 0 0 0 0 0 0 0 0 0 0 0 16000 0 0 0 0 0 0 0 0 0 0 0 200040 0 0 0 0 0 0 0 0 0 0 0 0 0 0 0 0 0 0 0 0 0 0 0 0 0 0 0 0 0 0 0 0 0 0 
40 10 0 p 1 10 1 404001 0 0 0 0 0 0 0 0 0 0 0 0 0 0 0 0 0 14100 0 0 0 0 0 0 0 0 0 0 0 0 0 0 0 0 0 0 0 0 1000010 0 0 0 0 0 0 0 0 0 0 0 0 0 0 0 0 0 0 0 0 0 0 0 0 0 
40 10 0 p 1 10 1 24001 0 0 0 0 0 0 0 0 0 0 0 0 0 0 0 0 0 214000 0 0 0 0 0 0 0 0 0 0 0 0 0 0 0 0 0 0 0 0 0 0 0 0 0 0 0 0 0 0 0 0 0 0 0 0 420 0 0 0 0 0 0 0 0 0 
40 10 0 p 1 10 1 404001 0 0 0 0 0 0 0 0 0 0 0 0 0 0 0 0 0 14004 0 0 0 0 0 0 0 0 0 0 0 0 0 0 0 0 0 0 0 0 0 0 0 0 0 0 840 0 0 0 0 0 0 0 0 0 0 0 0 0 0 0 0 0 0 0 
40 11 0 p 1 11 1 4225 0 0 0 0 0 0 0 0 0 0 0 0 0 0 0 0 0 54000 0 0 0 0 0 0 0 0 200800 0 0 0 0 0 0 0 0 0 0 0 0 0 0 0 0 0 0 0 0 0 0 0 0 0 0 0 0 0 0 0 0 0 0 0 0 0 
40 11 0 p 1 11 1 4249 0 0 0 0 0 0 8020 0 0 0 0 0 0 0 0 0 0 54000 0 0 0 0 0 0 0 0 0 0 0 0 0 0 0 0 0 0 0 0 0 0 0 0 0 0 0 0 0 0 0 0 0 0 0 0 0 0 0 0 0 0 0 0 0 0 
40 11 0 p 1 11 1 6205 0 0 0 0 0 0 0 0 0 0 0 0 0 0 0 0 0 54000 108000 0 0 0 0 0 0 0 0 0 0 0 0 0 0 0 0 0 0 0 0 0 0 0 0 0 0 0 0 0 0 0 0 0 0 0 0 0 0 0 0 0 0 0 0 0 
40 11 0 p 1 11 1 5201 0 0 0 0 0 0 0 0 0 0 0 0 0 0 0 0 0 56000 0 0 0 0 0 0 0 0 0 0 0 200040 0 0 0 0 0 0 0 0 0 0 0 0 0 0 0 0 0 0 0 0 0 0 0 0 0 0 0 0 0 0 0 0 0 0 
40 f 0 p 1 f 1 221 0 0 0 0 0 0 0 0 0 0 0 0 0 0 0 0 0 44200 0 0 0 0 0 0 0 0 200800 0 0 0 0 0 0 0 0 0 0 0 0 0 0 0 0 0 0 0 0 0 0 0 0 0 0 0 0 0 0 0 0 0 0 0 0 0 
40 10 0 p 1 10 1 20201 0 0 0 0 0 0 0 0 0 0 0 0 0 0 0 0 0 244000 0 0 0 0 0 0 0 0 0 0 0 0 0 0 0 0 0 0 0 0 0 0 0 0 0 0 0 0 0 0 0 0 0 0 0 0 420 0 0 0 0 0 0 0 0 0 
40 11 0 p 1 11 1 245 0 0 0 0 0 0 0 0 0 0 0 0 0 0 0 0 0 44002 500100 0 0 0 0 0 0 0 0 0 0 0 0 0 0 0 0 0 0 0 0 0 0 0 0 0 0 0 0 0 0 0 0 0 0 0 0 0 0 0 0 0 0 0 0 0 
40 11 0 p 1 11 1 107 0 0 0 0 0 0 0 0 0 0 0 0 0 0 0 0 0 5200 0 0 1000420 0 0 0 0 0 0 0 0 0 0 0 0 0 0 0 0 0 0 0 0 0 0 0 0 0 0 0 0 0 0 0 0 0 0 0 0 0 0 0 0 0 0 0 
40 11 0 p 1 11 1 2a1 0 0 0 0 0 0 0 0 0 0 0 0 0 0 0 0 0 1044000 0 0 0 0 0 0 0 0 0 0 0 0 0 0 0 0 0 0 0 0 0 0 0 0 0 0 0 0 0 0 0 0 0 0 0 0 0 0 0 0 0 0 1101 0 0 0 
40 11 0 p 1 11 1 1100001 0 0 0 0 0 0 0 0 0 0 0 0 0 0 0 0 0 40c000 0 0 0 0 0 0 0 0 0 0 0 0 0 0 0 0 0 0 0 0 0 0 0 0 0 0 0 0 0 0 0 0 0 0 0 0 0 0 0 0 0 0 0 0 2640 0 
40 11 0 p 1 11 1 35 0 0 0 0 0 0 0 0 0 0 0 0 8400 0 0 0 0 4200 0 0 0 0 0 0 0 0 0 0 0 0 0 0 0 0 0 0 0 0 0 0 0 0 0 0 0 0 0 0 0 0 0 0 0 0 0 0 108 0 0 0 0 0 0 0 
40 11 0 p 1 11 1 35 0 0 0 0 0 42 0 0 0 0 0 0 0 0 0 0 0 4200 0 0 0 0 0 0 0 0 0 1080000 0 0 0 0 0 0 0 0 0 0 0 0 0 0 0 0 0 0 0 0 0 0 0 0 0 0 0 0 0 0 0 0 0 0 0 0 
40 11 0 p 1 11 1 2d 0 0 0 0 0 0 0 0 0 0 0 0 0 0 0 0 0 4200 0 0 0 0 0 0 0 0 0 80010 0 0 0 0 0 200040 0 0 0 0 0 0 0 0 0 0 0 0 0 0 0 0 0 0 0 0 0 0 0 0 0 0 0 0 0 0 
40 11 0 p 1 11 1 40d 0 0 0 0 0 0 21 0 0 0 0 0 0 0 0 0 0 4200 0 0 0 0 0 0 0 0 0 0 0 0 0 0 0 0 0 0 0 0 0 0 0 0 10002 0 0 0 0 0 0 0 0 0 0 0 0 0 0 0 0 0 0 0 0 0 
40 11 0 p 1 11 1 8015 0 0 0 0 0 0 0 0 0 0 0 0 0 0 0 0 0 4200 0 0 0 0 0 0 0 0 0 0 0 0 0 0 0 0 0 0 0 0 0 0 0 0 0 0 0 0 0 0 0 0 0 0 0 0 0 0 42 2100 0 0 0 0 0 0 
40 12 0 p 1 12 1 400007 0 0 0 0 0 0 0 0 0 0 0 0 0 0 0 0 0 4200 0 0 401 0 0 0 0 0 0 0 0 0 0 0 0 0 0 0 0 0 4010 0 0 0 0 0 0 0 0 0 0 0 0 0 0 0 0 0 0 0 0 0 0 0 0 0 
40 f 0 p 1 f 1 12005 0 0 0 0 0 0 0 0 0 0 0 0 0 0 0 0 0 4200 0 0 0 0 0 0 0 0 0 0 0 0 400080 0 0 0 0 0 0 0 0 0 0 0 0 0 0 0 0 0 0 0 0 0 0 0 0 0 0 0 0 0 0 0 0 0 
40 e 0 p 1 e 1 50005 0 0 0 0 0 0 0 0 0 0 0 0 0 0 0 0 0 4200 0 0 0 0 0 0 0 0 0 0 0 0 0 0 0 0 0 0 0 0 0 0 0 0 0 0 0 4200 0 0 0 0 0 0 0 0 0 0 0 0 0 0 0 0 0 0 
40 12 0 p 1 12 1 50005 0 0 0 0 0 0 0 0 0 0 0 0 0 0 0 0 0 4200 0 0 0 0 0 0 0 0 0 21 0 0 0 0 0 0 0 0 0 0 0 0 0 0 0 0 0 0 0 0 0 0 0 0 0 0 200800 0 0 0 0 0 0 0 0 0 
40 12 0 p 1 12 1 30005 0 0 0 0 0 0 0 0 0 0 0 0 0 0 0 0 0 4200 0 0 0 0 0 0 0 0 0 21 0 0 0 0 0 0 0 0 0 0 0 0 0 0 0 0 0 0 0 0 0 0 0 0 0 0 0 1080000 0 0 0 0 0 0 0 0 
40 11 0 p 1 11 1 95 0 0 0 0 0 0 0 0 0 0 0 0 0 0 1004000 0 0 4200 0 0 0 0 0 0 0 0 0 0 0 0 0 0 0 0 0 0 0 0 0 0 0 0 0 0 0 0 0 0 0 0 0 0 0 0 0 0 0 2100 0 0 0 0 0 0 
40 11 0 p 1 11 1 1015 0 0 0 0 0 0 0 0 0 0 0 0 0 0 0 0 0 4200 0 0 0 0 0 0 420000 0 0 0 0 0 0 0 0 0 0 0 0 0 0 0 0 0 0 0 0 0 0 0 0 0 0 0 0 0 0 0 0 0 0 108 0 0 0 0 
40 11 0 p 1 11 1 1015 0 0 0 0 0 0 0 0 0 0 0 0 8001 0 0 0 0 4200 0 0 0 0 0 0 0 0 0 0 0 0 84000 0 0 0 0 0 0 0 0 0 0 0 0 0 0 0 0 0 0 0 0 0 0 0 0 0 0 0 0 0 0 0 0 0 
40 12 0 p 1 12 1 60005 0 0 0 0 0 0 0 0 0 0 0 0 0 0 0 0 0 4200 0 0 0 0 0 0 0 0 0 0 0 0 0 0 0 0 0 0 0 0 0 0 0 0 0 0 0 0 0 0 0 0 0 0 0 0 200800 1080000 0 0 0 0 0 0 0 0 
40 11 0 p 1 11 1 20015 0 0 0 0 0 0 0 0 0 0 0 0 0 0 0 0 0 4200 0 0 0 0 0 0 401000 0 0 0 0 0 0 0 0 0 0 0 0 0 0 0 0 0 0 0 0 0 0 0 0 0 0 0 0 0 0 1080000 0 0 0 0 0 0 0 0 
40 d 0 p 1 d 1 2000d 0 0 0 0 0 0 0 0 0 0 0 0 0 0 0 0 0 4200 0 0 0 0 0 0 0 0 0 0 0 0 0 0 0 200002 0 0 0 0 0 0 0 0 0 0 0 0 0 0 0 0 0 0 0 0 0 0 0 0 0 0 0 0 0 0 
40 11 0 p 1 11 1 200d 0 0 0 0 0 210 100020 0 0 0 0 0 0 0 0 0 0 4200 0 0 0 0 0 0 0 0 0 0 0 0 0 0 0 0 0 0 0 0 0 0 0 0 0 0 0 0 0 0 0 0 0 0 0 0 0 0 0 0 0 0 0 0 0 0 
40 11 0 p 1 11 1 80000d 0 0 0 1004 0 0 0 0 0 0 0 0 0 0 0 0 0 4200 0 0 0 0 100001 0 0 0 0 0 0 0 0 0 0 0 0 0 0 0 0 0 0 0 0 0 0 0 0 0 0 0 0 0 0 0 0 0 0 0 0 0 0 0 0 0 
40 11 0 p 1 11 1 215 100020 0 0 0 0 0 0 0 0 0 0 0 0 0 0 0 0 4200 0 0 0 0 0 0 0 0 0 0 0 0 0 0 0 0 0 0 0 0 0 0 0 0 0 0 0 0 0 0 0 0 0 0 0 0 0 0 0 2008 0 0 0 0 0 0 
40 11 0 p 1 11 1 2034 0 0 0 0 0 150 0 0 0 0 0 0 0 0 0 0 0 0 0 0 0 0 0 0 0 0 1200800 0 0 0 0 0 0 0 0 0 0 0 0 0 0 0 0 0 0 0 0 0 0 0 0 0 0 0 0 0 0 0 0 0 0 0 0 0 
40 10 0 p 1 10 1 6c 0 0 0 0 0 0 8120 0 0 0 0 0 0 0 0 0 0 0 0 0 0 0 0 0 0 0 200c00 0 0 0 0 0 0 0 0 0 0 0 0 0 0 0 0 0 0 0 0 0 0 0 0 0 0 0 0 0 0 0 0 0 0 0 0 0 
40 11 0 p 1 11 1 800024 0 0 0 0 0 0 0 0 0 0 0 0 0 0 0 0 0 0 0 0 0 0 0 0 0 680 1300800 0 0 0 0 0 0 0 0 0 0 0 0 0 0 0 0 0 0 0 0 0 0 0 0 0 0 0 0 0 0 0 0 0 0 0 0 0 
40 11 0 p 1 11 1 2034 0 0 0 0 0 52 0 0 0 0 0 0 0 0 0 0 0 0 0 0 0 0 0 0 0 0 200c00 0 0 0 0 0 0 0 0 0 0 0 0 0 0 0 0 0 0 0 0 0 0 0 0 0 0 0 0 0 0 0 0 0 0 0 0 0 
40 f 0 p 1 f 1 a4 0 0 0 0 0 0 0 0 0 0 0 0 0 0 0 0 0 0 0 0 0 0 0 0 0 0 200810 0 0 0 0 0 10040 0 0 0 0 0 0 0 0 0 0 0 0 0 0 0 0 0 0 0 0 0 0 0 0 0 0 0 0 0 0 0 
40 f 0 p 1 f 1 400024 0 0 0 0 0 0 0 0 0 0 0 0 0 0 0 0 0 0 0 0 0 0 0 0 0 0 204800 0 0 0 0 0 0 0 0 0 0 0 0 0 0 0 0 0 10040 0 0 0 0 0 0 0 0 0 0 0 0 0 0 0 0 0 0 0 
40 10 0 p 1 10 1 80024 0 0 0 0 0 0 0 0 0 0 0 0 0 0 0 0 0 0 0 0 0 0 0 0 0 0 200801 0 0 0 0 0 0 0 0 0 0 0 0 0 0 0 0 0 0 0 0 0 0 0 0 0 0 0 0 0 0 0 0 0 0 0 210000 0 
40 e 0 p 1 e 1 34 0 0 0 0 0 42 0 0 0 0 0 0 0 0 0 0 0 0 0 0 0 0 0 0 0 0 200c00 0 0 0 0 0 0 0 0 0 0 0 0 0 0 0 0 0 0 0 0 0 0 0 0 0 0 0 0 0 0 0 0 0 0 0 0 0 
40 f 0 p 1 f 1 1000024 0 0 0 0 0 0 0 20004 0 0 0 0 0 0 0 0 0 0 0 0 0 0 0 0 0 0 300800 0 0 0 0 0 0 0 0 0 0 0 0 0 0 0 0 0 0 0 0 0 0 0 0 0 0 0 0 0 0 0 0 0 0 0 0 0 
40 10 0 p 1 10 1 1000024 0 0 0 0 0 0 0 0 0 0 0 0 0 0 0 0 0 0 0 0 0 0 0 0 0 0 280800 0 0 0 0 0 0 0 0 0 0 0 0 0 0 0 0 0 0 0 0 0 0 0 0 0 0 0 0 0 0 0 0 0 0 0 420 0 
40 e 0 p 1 e 1 6c 0 0 0 0 0 0 8020 0 0 0 0 0 0 0 0 0 0 0 0 0 0 0 0 0 0 0 200800 0 0 0 0 0 0 0 0 0 0 0 0 0 0 0 0 0 0 0 0 0 0 0 0 0 0 0 0 0 0 0 0 0 0 0 0 0 
40 10 0 p 1 10 1 12024 0 0 0 0 0 0 0 0 0 0 0 0 0 0 0 0 0 0 0 0 0 0 0 0 0 0 200800 0 0 0 400080 0 0 0 0 0 0 0 0 0 0 0 0 0 0 0 0 0 0 0 0 0 0 0 0 0 0 0 0 0 0 0 0 0 
40 f 0 p 1 f 1 50024 0 0 0 0 0 0 0 0 0 0 0 0 0 0 0 0 0 0 0 0 0 0 0 0 0 0 200800 0 0 0 0 0 0 0 0 0 0 0 0 0 0 0 0 0 0 4200 0 0 0 0 0 0 0 0 0 0 0 0 0 0 0 0 0 0 
40 f 0 p 1 f 1 2002c 0 0 0 0 0 0 0 0 0 0 0 0 0 0 0 0 0 0 0 0 0 0 0 0 0 0 200800 0 0 0 0 0 0 200002 0 0 0 0 0 0 0 0 0 0 0 0 0 0 0 0 0 0 0 0 0 0 0 0 0 0 0 0 0 0 
40 f 0 p 1 f 1 80124 0 0 0 0 0 0 0 0 0 0 0 0 0 0 0 0 0 0 0 0 0 0 0 0 0 0 200800 0 0 0 0 0 0 0 0 0 0 0 0 0 0 0 0 0 0 0 0 0 0 0 0 0 0 0 0 0 0 0 0 0 0 0 200002 0 
40 12 0 p 1 12 1 234 100020 0 0 0 0 0 0 0 0 0 0 0 0 0 0 0 0 0 0 0 0 0 0 0 0 0 200800 0 0 0 0 0 0 0 0 0 0 0 0 0 0 0 0 0 0 0 0 0 0 0 0 0 0 0 0 0 0 2008 0 0 0 0 0 0 
40 e 0 p 1 e 1 8120 0 0 0 0 0 0 0 0 0 0 0 0 0 0 0 0 0 0 0 0 0 0 0 0 0 0 0 0 0 0 0 0 0 0 0 0 0 0 0 0 0 0 0 0 0 0 0 0 0 0 0 0 0 0 0 0 58 0 0 0 0 0 42 0 
40 10 0 p 1 10 1 808020 0 0 0 0 0 0 0 0 0 0 0 0 0 0 0 0 0 0 0 0 0 0 0 0 0 1080 0 0 0 0 0 0 0 0 0 0 0 0 0 0 0 0 0 0 0 0 0 0 0 0 0 0 0 0 0 0 80048 0 0 0 0 0 0 0 
40 e 0 p 1 e 1 8120 0 0 0 0 0 0 0 0 0 0 0 0 0 0 0 0 0 0 0 0 1080000 0 0 0 0 0 0 0 0 0 0 0 0 0 0 0 0 0 0 0 0 0 0 0 0 0 0 0 0 0 0 0 0 0 0 0 68 0 0 0 0 0 0 0 
40 f 0 p 1 f 1 8030 0 0 0 0 0 0 0 0 0 0 0 0 8400 0 0 0 0 0 0 0 0 0 0 0 0 0 0 0 0 0 0 0 0 0 0 0 0 0 0 0 0 0 0 0 0 0 0 0 0 0 0 0 0 0 0 0 148 0 0 0 0 0 0 0 
40 e 0 p 1 e 1 88020 0 0 0 0 0 0 0 0 0 0 0 0 0 0 0 0 0 0 0 0 0 0 0 0 0 0 0 0 0 0 0 0 0 0 0 0 0 0 0 0 0 0 0 0 0 0 0 0 0 0 0 0 0 0 0 0 58 0 0 0 0 0 200040 0 
40 11 0 p 1 11 1 8120 0 0 0 0 0 0 0 0 0 0 0 0 0 0 0 0 0 0 0 0 0 0 0 0 0 0 0 0 0 0 0 0 0 0 0 0 0 0 0 0 0 0 0 0 0 0 0 0 0 0 0 0 0 0 0 0 2058 0 0 0 0 0 52 0 
40 11 0 p 1 11 1 88120 0 0 0 0 0 0 0 0 0 0 0 0 0 0 0 0 0 0 0 0 0 0 0 0 0 0 0 0 0 0 0 0 0 0 0 0 0 0 0 0 0 0 0 0 0 0 0 0 0 0 0 0 0 0 0 0 2048 0 0 0 0 0 200012 0 
40 11 0 p 1 11 1 8120 0 0 0 0 0 0 0 0 0 0 0 0 0 0 0 0 0 0 0 0 0 0 0 0 0 0 0 0 60020 0 0 0 0 0 0 0 0 0 0 0 0 0 0 0 0 0 0 0 0 0 0 0 0 0 0 0 8004c 0 0 0 0 0 0 0 
40 10 0 p 1 10 1 8120 0 0 0 0 0 0 0 0 0 0 0 0 0 0 0 0 0 0 0 200c00 0 0 0 0 0 0 0 0 0 0 0 0 0 0 0 0 0 0 0 0 0 0 0 0 0 0 0 0 0 0 0 0 0 0 0 0 6c 0 0 0 0 0 0 0 
40 11 0 p 1 11 1 40c20 0 0 0 0 0 0 0 0 62000 0 0 0 0 0 0 0 0 0 0 0 0 0 0 0 0 0 0 88004 0 0 0 0 0 0 0 0 0 0 0 0 0 0 0 0 0 0 0 0 0 0 0 0 0 0 0 0 0 0 0 0 0 0 0 0 
40 11 0 p 1 11 1 40a20 0 0 0 0 0 0 0 0 42800 0 0 0 0 0 0 0 0 0 0 0 0 0 0 0 0 0 0 88004 0 0 0 0 0 0 0 0 0 0 0 0 0 0 0 0 0 0 0 0 0 0 0 0 0 0 0 0 0 0 0 0 0 0 0 0 
40 11 0 p 1 11 1 4c0020 0 0 0 0 0 0 0 0 0 0 0 0 0 0 0 0 0 0 0 0 0 0 0 0 0 0 0 90004 0 0 0 0 803000 0 0 0 0 0 0 0 0 0 0 0 0 0 0 0 0 0 0 0 0 0 0 0 0 0 0 0 0 0 0 0 
40 10 0 p 1 10 1 40021 0 0 0 0 0 0 0 0 0 0 0 0 0 0 0 0 0 0 0 0 0 0 0 0 0 0 0 180004 0 0 0 0 0 0 0 10800 0 0 0 0 0 0 0 0 0 0 0 0 0 0 0 0 0 0 0 0 0 0 0 0 0 0 0 0 
40 10 0 p 1 10 1 40420 0 0 0 0 0 0 0 0 20004 0 0 0 0 0 0 0 0 0 0 0 0 0 0 0 0 0 0 180004 0 0 0 0 0 0 0 0 0 0 0 0 0 0 0 0 0 0 0 0 0 0 0 0 0 0 0 0 0 0 0 0 0 0 0 0 
40 f 0 p 1 f 1 48020 0 0 0 0 0 0 0 0 0 0 0 0 0 0 0 0 0 0 0 0 0 0 0 0 0 0 0 180004 0 0 0 0 0 0 0 0 0 0 0 0 0 0 0 0 42000 0 0 0 0 0 0 0 0 0 0 0 0 0 0 0 0 0 0 0 
40 12 0 p 1 12 1 48020 0 0 0 0 0 0 0 0 0 0 0 0 0 0 0 0 0 0 0 0 0 0 0 0 0 0 0 90004 0 0 0 0 0 0 0 0 0 0 0 0 0 0 0 0 0 0 0 0 0 0 1000010 0 0 0 0 0 0 0 20080 0 0 0 0 0 
40 10 0 p 1 10 1 40022 0 0 0 0 0 0 0 0 0 0 0 0 0 0 0 0 0 0 0 0 0 1000010 0 0 0 0 0 80044 0 0 0 0 0 0 0 0 0 0 0 0 0 0 0 0 0 0 0 0 0 0 0 0 0 0 0 0 0 0 0 0 0 0 0 0 
40 f 0 p 1 f 1 40820 0 0 0 0 0 0 0 0 0 0 0 0 0 0 0 0 0 0 0 0 0 0 0 0 0 0 0 90004 0 0 0 0 0 0 0 0 0 0 0 0 0 0 0 0 0 0 0 0 0 0 0 0 0 0 0 100001 0 0 0 0 0 0 0 0 
40 e 0 p 1 e 1 60020 0 0 0 0 0 0 0 0 0 0 0 0 0 0 0 0 0 0 0 0 0 0 0 0 0 0 0 80014 0 0 0 0 0 42 0 0 0 0 0 0 0 0 0 0 0 0 0 0 0 0 0 0 0 0 0 0 0 0 0 0 0 0 0 0 
40 f 0 p 1 f 1 60020 0 0 0 0 0 0 0 0 0 0 0 0 0 0 0 0 0 0 0 0 0 0 0 0 0 0 0 80024 0 0 0 0 0 0 0 0 0 0 0 0 0 0 0 0 0 0 0 0 0 0 0 0 0 0 0 1080000 0 0 0 0 0 0 0 0 
40 10 0 p 1 10 1 40820 0 0 0 0 0 0 0 0 0 0 0 0 0 0 0 0 0 0 0 0 0 0 0 0 0 0 0 80404 0 0 0 0 0 0 0 0 20004 0 0 0 0 0 0 0 0 0 0 0 0 0 0 0 0 0 0 0 0 0 0 0 0 0 0 0 
40 f 0 p 1 f 1 40820 0 0 0 0 0 0 0 0 42000 0 0 0 0 0 0 0 0 0 0 0 0 0 0 0 0 0 0 88004 0 0 0 0 0 0 0 0 0 0 0 0 0 0 0 0 0 0 0 0 0 0 0 0 0 0 0 0 0 0 0 0 0 0 0 0 
40 e 0 p 1 e 1 400a0 0 0 0 0 0 0 0 0 0 0 0 0 0 0 4010 0 0 0 0 0 0 0 0 0 0 0 0 88004 0 0 0 0 0 0 0 0 0 0 0 0 0 0 0 0 0 0 0 0 0 0 0 0 0 0 0 0 0 0 0 0 0 0 0 0 
40 f 0 p 1 f 1 440020 0 0 0 0 0 0 0 0 0 0 0 0 0 0 0 0 0 0 0 0 0 0 0 0 0 0 0 90004 0 0 0 0 802000 0 0 0 0 0 0 0 0 0 0 0 0 0 0 0 0 0 0 0 0 0 0 0 0 0 0 0 0 0 0 0 
40 11 0 p 1 11 1 60020 0 0 0 0 0 0 0 0 0 0 0 0 0 0 0 0 0 0 0 0 0 0 0 0 0 0 0 82014 0 0 0 0 0 52 0 0 0 0 0 0 0 0 0 0 0 0 0 0 0 0 0 0 0 0 0 0 0 0 0 0 0 0 0 0 
40 11 0 p 1 11 1 60020 0 0 0 0 0 0 0 0 0 0 0 0 0 0 0 0 0 0 0 0 0 0 0 0 0 0 0 8004c 0 0 0 0 0 0 8120 0 0 0 0 0 0 0 0 0 0 0 0 0 0 0 0 0 0 0 0 0 0 0 0 0 0 0 0 0 
40 11 0 p 1 11 1 1201400 0 0 0 0 0 0 0 0 0 0 0 0 0 0 0 0 0 0 0 0 0 0 0 0 0 0 0 0 0 200018 0 0 0 0 0 0 0 0 0 0 0 0 8102 0 0 0 0 0 0 0 0 0 0 0 0 0 0 0 0 0 0 0 0 0 
40 10 0 p 1 10 1 1000401 0 0 0 0 0 0 0 0 0 0 0 0 0 0 0 0 0 0 0 0 0 0 0 0 0 0 0 0 0 0 0 0 0 0 0 10040 0 0 0 0 0 0 8102 0 0 0 0 0 0 0 0 0 0 0 0 0 0 0 0 0 0 0 0 0 
40 10 0 p 1 10 1 1008400 0 0 0 0 0 0 0 0 0 0 0 401000 0 0 0 0 0 0 0 0 0 0 0 0 0 0 0 0 0 0 0 0 0 0 0 0 0 0 0 0 0 0 80102 0 0 0 0 0 0 0 0 0 0 0 0 0 0 0 0 0 0 0 0 0 
40 10 0 p 1 10 1 1020400 0 0 0 0 0 0 0 0 0 0 0 0 0 0 0 0 0 0 0 0 0 0 0 0 0 0 0 0 0 0 0 0 0 802 0 0 0 0 0 0 0 0 40102 0 0 0 0 0 0 0 0 0 0 0 0 0 0 0 0 0 0 0 0 0 
40 f 0 p 1 f 1 1000404 0 0 0 0 0 0 0 0 0 0 0 0 0 0 0 0 0 0 0 0 0 0 0 0 0 0 0 0 0 0 0 0 0 0 0 40008 0 0 0 0 0 0 122 0 0 0 0 0 0 0 0 0 0 0 0 0 0 0 0 0 0 0 0 0 
40 11 0 p 1 11 1 1400400 0 0 0 0 0 0 0 0 0 0 0 0 0 0 0 0 0 0 0 0 0 0 0 0 0 0 0 0 0 0 0 0 0 0 0 0 0 0 0 0 0 0 b02 0 0 0 0 0 0 0 0 48800 0 0 0 0 0 0 0 0 0 0 0 0 
40 e 0 p 1 e 1 10c00 0 0 0 0 0 0 0 0 62000 0 0 0 0 0 0 0 0 0 0 0 0 0 0 0 0 0 0 8001 0 0 0 0 0 0 0 0 0 0 0 0 0 0 0 0 0 0 0 0 0 0 0 0 0 0 0 0 0 0 0 0 0 0 0 0 
40 12 0 p 1 12 1 200c00 0 0 0 0 0 0 0 0 60001 0 0 0 0 0 0 0 0 0 0 0 0 0 0 0 0 0 0 0 0 0 0 0 0 0 0 0 100020 0 0 0 0 0 0 0 10800 0 0 0 0 0 0 0 0 0 0 0 0 0 0 0 0 0 0 0 
40 12 0 p 1 12 1 c02 0 2008 0 0 0 0 0 0 60020 0 0 0 0 0 0 0 0 0 0 0 8400 0 0 0 0 0 0 0 0 0 0 0 0 0 0 0 0 0 0 0 0 0 0 0 0 0 0 0 0 0 0 0 0 0 0 0 0 0 0 0 0 0 0 0 
40 11 0 p 1 11 1 e40 0 0 0 0 0 0 0 0 1060800 0 0 0 0 0 0 0 0 0 0 0 0 0 0 0 0 0 0 0 0 0 0 0 0 0 0 0 0 0 0 0 0 0 0 0 0 0 0 0 0 0 0 2100 0 0 0 0 0 0 0 0 0 0 0 0 
40 11 0 p 1 11 1 10e00 0 0 0 0 0 0 0 0 62800 0 0 0 0 0 0 0 0 0 0 0 0 0 0 0 0 0 0 8001 0 0 0 0 0 0 0 0 0 0 0 0 0 0 0 0 0 0 0 0 0 0 0 0 0 0 0 0 0 0 0 0 0 0 0 0 
40 10 0 p 1 10 1 40c00 0 0 0 0 0 0 0 0 70200 0 0 0 0 0 0 0 0 0 0 0 0 0 0 0 0 0 0 0 0 0 0 0 0 0 0 0 0 0 0 0 0 0 0 0 0 0 0 0 0 0 0 0 0 0 4804 0 0 0 0 0 0 0 0 0 
40 11 0 p 1 11 1 40c00 0 0 0 0 0 0 0 0 30200 0 0 0 0 0 0 0 0 0 0 0 0 0 0 0 0 0 0 0 0 0 0 0 0 0 0 0 0 0 0 0 0 0 0 0 0 0 0 0 0 0 0 0 0 0 4a04 0 0 0 0 0 0 0 0 0 
40 11 0 p 1 11 1 1100400 0 0 0 0 0 0 0 20e00 1120000 0 0 0 0 0 0 0 0 0 0 0 0 0 0 0 0 0 0 0 0 0 0 0 0 0 0 0 0 0 0 0 0 0 0 0 0 0 0 0 0 0 0 0 0 0 0 0 0 0 0 0 0 0 0 0 
40 10 0 p 1 10 1 4c04 0 0 0 0 0 0 0 0 60400 0 0 0 0 0 0 0 0 30200 0 0 0 0 0 0 0 0 0 0 0 0 0 0 0 0 0 0 0 0 0 0 0 0 0 0 0 0 0 0 0 0 0 0 0 0 0 0 0 0 0 0 0 0 0 0 
40 10 0 p 1 10 1 601 0 0 0 0 0 0 0 0 20804 0 0 0 0 0 0 0 0 0 0 0 0 0 0 0 0 0 0 0 0 0 0 0 0 0 0 10800 0 0 0 0 0 0 0 0 0 0 0 0 0 0 0 0 0 0 0 0 0 0 0 0 0 0 0 0 
40 e 0 p 1 e 1 620 0 0 0 0 0 0 0 0 24800 0 0 0 0 0 0 0 0 0 0 0 0 0 0 0 0 0 210000 0 0 0 0 0 0 0 0 0 0 0 0 0 0 0 0 0 0 0 0 0 0 0 0 0 0 0 0 0 0 0 0 0 0 0 0 0 
40 10 0 p 1 10 1 8600 0 0 0 0 0 0 0 0 20804 0 0 0 0 0 0 0 0 0 0 0 0 0 0 0 0 0 0 0 0 0 0 0 0 0 0 0 0 0 0 0 0 0 0 0 42000 0 0 0 0 0 0 0 0 0 0 0 0 0 0 0 0 0 0 0 
40 f 0 p 1 f 1 604 0 0 0 0 0 0 0 0 24800 0 0 0 0 0 0 0 0 0 0 0 0 0 0 0 0 0 10800 0 0 0 0 0 0 0 0 0 0 0 0 0 0 0 0 0 0 0 0 0 0 0 0 0 0 0 0 0 0 0 0 0 0 0 0 0 
40 f 0 p 1 f 1 680 0 0 0 0 0 0 0 0 420800 0 0 0 0 0 0 0 0 0 0 0 0 0 0 0 0 0 0 0 0 0 0 0 0 0 0 0 0 0 0 0 0 0 0 0 0 0 0 0 0 0 0 0 0 0 0 0 0 0 0 0 8001 0 0 0 
40 f 0 p 1 f 1 20600 0 0 0 0 0 0 0 0 24800 0 0 0 0 0 0 0 0 0 0 0 0 0 0 0 0 0 0 0 0 0 0 0 0 0 0 0 0 0 0 0 0 0 0 0 0 0 0 0 0 0 0 0 0 0 401 0 0 0 0 0 0 0 0 0 
40 10 0 p 1 10 1 60400 0 0 0 0 0 0 0 0 30200 0 0 0 0 0 0 0 0 0 0 0 0 0 0 0 0 0 0 0 0 0 0 0 0 0 0 0 0 0 0 0 0 0 0 0 0 0 0 0 0 0 0 0 0 0 4c04 0 0 0 0 0 0 0 0 0 
40 c 0 p 1 c 1 200402 1080100 0 0 0 0 0 0 0 0 0 0 0 0 0 0 0 0 0 0 0 0 0 0 0 0 0 0 0 0 0 0 0 0 0 0 0 0 0 0 0 0 0 0 0 0 0 0 0 0 0 0 0 0 0 0 0 0 0 0 0 0 0 0 0 
40 11 0 p 1 11 1 200402 10d0100 0 0 0 0 0 0 0 0 0 0 0 0 0 0 0 0 0 0 0 0 0 0 0 0 0 0 0 0 0 0 0 0 0 0 0 0 0 0 0 0 0 0 0 0 0 4200 0 0 0 0 0 0 0 0 0 0 0 0 0 0 0 0 0 
40 10 0 p 1 10 1 40402 1004100 0 0 0 0 0 0 0 0 0 0 0 0 0 0 0 0 0 0 0 0 0 0 0 0 0 0 0 0 0 0 0 0 0 0 0 0 0 0 0 0 0 0 0 0 0 100001 0 0 0 0 0 0 0 0 0 0 0 0 0 0 0 0 0 
40 10 0 p 1 10 1 800402 1000110 0 0 0 0 0 0 0 0 0 0 0 0 0 0 0 0 0 0 0 0 0 0 0 0 400080 0 0 0 0 0 0 0 0 0 0 0 0 0 0 0 0 0 0 0 0 0 0 0 0 0 0 0 0 0 0 0 0 0 0 0 0 0 0 
40 f 0 p 1 f 1 2402 1000102 0 0 0 0 0 0 0 0 0 0 0 0 0 0 0 0 0 0 0 0 0 0 0 0 0 0 0 0 0 420000 0 0 0 0 0 0 0 0 0 0 0 0 0 0 0 0 0 0 0 0 0 0 0 0 0 0 0 0 0 0 0 0 0 
40 10 0 p 1 10 1 10402 1000102 0 0 0 0 0 0 0 0 0 0 0 0 0 0 0 0 0 0 0 0 0 0 0 0 0 0 0 0 0 20080 0 0 0 0 0 0 0 0 0 0 0 0 0 0 0 0 0 0 0 0 0 0 0 0 0 0 0 0 0 0 0 0 0 
40 e 0 p 1 e 1 200c00 10a0000 0 0 0 0 0 0 0 0 0 0 0 0 0 0 0 0 0 0 0 0 0 0 0 0 0 0 0 0 0 0 0 0 0 0 0 0 0 0 0 0 0 0 0 0 0 0 0 0 0 0 0 0 0 0 100400 0 0 0 0 0 0 0 0 
40 10 0 p 1 10 1 200500 1082000 0 0 0 0 0 0 0 0 0 0 0 0 0 0 0 0 0 0 8400 0 0 0 0 0 0 0 0 0 0 0 0 0 0 0 0 0 0 0 0 0 0 0 0 0 0 0 0 0 0 0 0 0 0 0 0 0 0 0 0 0 0 0 0 
40 f 0 p 1 f 1 200500 10c0000 0 0 0 0 0 0 0 0 0 0 0 0 0 0 0 0 0 0 0 0 0 0 0 0 0 0 0 20004 0 0 0 0 0 0 0 0 0 0 0 0 0 0 0 0 0 0 0 0 0 0 0 0 0 0 0 0 0 0 0 0 0 0 0 
40 10 0 p 1 10 1 200500 1080004 0 0 0 0 0 0 0 0 0 0 0 0 0 0 0 0 0 0 100400 0 0 0 0 0 0 0 0 0 0 0 0 0 0 0 0 0 0 0 0 0 0 0 0 0 0 0 0 0 0 0 0 0 0 0 0 0 0 0 0 0 0 0 0 
40 10 0 p 1 10 1 200408 1080080 0 0 0 0 0 0 0 0 0 0 0 0 0 0 0 0 0 0 0 0 0 0 0 0 0 0 0 0 0 0 0 0 210000 0 0 0 0 0 0 0 0 0 0 0 0 0 0 0 0 0 0 0 0 0 0 0 0 0 0 0 0 0 0 
40 11 0 p 1 11 1 210400 1488000 0 0 0 0 0 0 0 0 0 0 0 0 0 0 0 0 0 0 0 0 0 0 0 0 0 0 0 0 0 0 0 0 0 0 0 0 0 0 0 0 0 0 0 0 6040 0 0 0 0 0 0 0 0 0 0 0 0 0 0 0 0 0 0 
40 11 0 p 1 11 1 210400 1580000 0 0 0 0 0 0 0 0 0 0 0 0 0 0 0 0 0 0 0 0 0 0 0 0 0 0 0 0 0 0 0 0 0 0 0 0 0 0 0 0 0 0 0 0 4044 0 0 0 0 0 0 0 0 0 0 0 0 0 0 0 0 0 0 
40 10 0 p 1 10 1 240400 1580000 0 0 0 0 0 0 0 0 0 0 0 0 0 0 0 0 0 0 0 0 0 0 0 0 0 0 0 0 0 0 0 0 0 0 0 0 0 0 0 0 0 0 0 0 244 0 0 0 0 0 0 0 0 0 0 0 0 0 0 0 0 0 0 
40 11 0 p 1 11 1 12600 1101000 0 0 0 0 0 0 0 0 0 0 0 0 0 0 0 0 0 0 0 0 0 0 0 0 0 0 0 0 0 600080 0 0 0 0 0 0 0 0 0 0 0 0 0 0 0 0 0 0 0 0 0 0 0 0 0 0 0 0 0 0 0 0 0 
40 11 0 p 1 11 1 200e00 11a0000 0 0 0 0 0 0 0 0 0 0 0 0 0 0 0 0 0 0 0 0 0 0 0 0 0 0 0 0 0 0 0 0 0 0 0 0 0 0 0 0 0 0 0 0 0 0 0 0 0 0 0 0 0 0 100400 0 0 0 0 0 0 0 0 
40 f 0 p 1 f 1 604 1120000 0 0 0 0 0 0 0 0 0 0 0 0 0 0 0 0 0 0 0 0 0 0 0 0 0 0 0 0 0 0 0 0 0 0 40100 0 0 0 0 0 0 0 0 0 0 0 0 0 0 0 0 0 0 0 0 0 0 0 0 0 0 0 0 
40 f 0 p 1 f 1 8600 1100400 0 0 0 0 0 0 0 0 0 0 0 0 0 0 0 0 0 0 0 0 0 0 0 0 0 0 0 0 0 0 0 0 0 0 0 0 0 0 0 0 0 0 0 2100 0 0 0 0 0 0 0 0 0 0 0 0 0 0 0 0 0 0 0 
40 f 0 p 1 f 1 20600 1100080 0 0 0 0 0 0 0 0 0 0 0 0 0 0 0 0 0 0 0 0 0 0 0 0 0 0 0 0 0 0 0 0 10002 0 0 0 0 0 0 0 0 0 0 0 0 0 0 0 0 0 0 0 0 0 0 0 0 0 0 0 0 0 0 
40 11 0 p 1 11 1 2640 1100004 0 0 0 0 0 0 0 0 0 0 0 0 0 0 0 0 0 408200 0 0 0 0 0 0 0 0 0 0 0 0 0 0 0 0 0 0 0 0 0 0 0 0 0 0 0 0 0 0 0 0 0 0 0 0 0 0 0 0 0 0 0 0 0 
40 11 0 p 1 11 1 20e00 1120000 0 0 0 0 0 0 0 0 0 0 0 0 0 0 0 0 0 0 0 0 0 0 0 0 0 0 0 0 0 0 0 0 0 0 0 0 0 0 0 0 0 0 0 0 0 0 0 0 0 0 0 0 0 0 1100400 0 0 0 0 0 0 0 0 
40 10 0 p 1 10 1 200448 1080000 0 0 0 0 0 8020 0 0 0 0 0 0 0 0 0 0 0 0 0 0 0 0 0 0 0 0 0 0 0 0 0 0 0 0 0 0 0 0 0 0 0 0 0 0 0 0 0 0 0 0 0 0 0 0 0 0 0 0 0 0 0 0 0 
40 f 0 p 1 f 1 212400 1080000 0 0 0 0 0 0 0 0 0 0 0 0 0 0 0 0 0 0 0 0 0 0 0 0 0 0 0 0 0 400080 0 0 0 0 0 0 0 0 0 0 0 0 0 0 0 0 0 0 0 0 0 0 0 0 0 0 0 0 0 0 0 0 0 
40 f 0 p 1 f 1 250400 1080000 0 0 0 0 0 0 0 0 0 0 0 0 0 0 0 0 0 0 0 0 0 0 0 0 0 0 0 0 0 0 0 0 0 0 0 0 0 0 0 0 0 0 0 0 4200 0 0 0 0 0 0 0 0 0 0 0 0 0 0 0 0 0 0 
40 10 0 p 1 10 1 220408 1080000 0 0 0 0 0 0 0 0 0 0 0 0 0 0 0 0 0 0 0 0 0 0 0 0 0 0 0 0 0 0 0 0 200002 0 0 0 0 0 0 0 0 0 0 0 0 0 0 0 0 0 0 0 0 0 0 0 0 0 0 0 0 0 0 
40 10 0 p 1 10 1 280500 1080000 0 0 0 0 0 0 0 0 0 0 0 0 0 0 0 0 0 0 0 0 0 0 0 0 0 0 0 0 0 0 0 0 0 0 0 0 0 0 0 0 0 0 0 0 0 0 0 0 0 0 0 0 0 0 0 0 0 0 0 0 0 200002 0 
40 10 0 p 1 10 1 a001 0 0 0 0 0 0 0 0 0 0 0 480040 0 0 0 0 0 0 0 0 0 0 0 0 0 0 0 0 0 0 0 0 0 0 0 0 0 0 0 0 800008 0 0 0 0 0 0 0 0 0 0 0 0 0 0 0 0 0 0 0 0 0 0 0 
40 10 0 p 1 10 1 a020 0 0 0 0 0 0 0 0 0 0 0 404040 0 0 0 0 0 0 0 0 0 0 0 0 0 0 0 0 0 0 0 0 0 0 0 0 0 0 0 0 0 0 0 0 0 0 0 0 0 0 0 0 0 0 0 0 0 0 0 0 1080 0 0 0 
40 10 0 p 1 10 1 10a000 0 0 0 0 0 0 0 0 0 0 0 480040 0 0 0 0 0 0 0 0 0 0 0 0 0 0 0 0 0 0 0 0 0 0 0 0 0 0 0 0 0 0 0 0 1004 0 0 0 0 0 0 0 0 0 0 0 0 0 0 0 0 0 0 0 
40 f 0 p 1 f 1 20a000 0 0 0 0 0 0 0 0 0 0 0 400240 0 0 0 0 0 0 0 0 0 0 0 0 0 0 0 0 0 40008 0 0 0 0 0 0 0 0 0 0 0 0 0 0 0 0 0 0 0 0 0 0 0 0 0 0 0 0 0 0 0 0 0 0 
40 f 0 p 1 f 1 b000 0 0 420 0 0 0 0 0 0 0 0 420040 0 0 0 0 0 0 0 0 0 0 0 0 0 0 0 0 0 0 0 0 0 0 0 0 0 0 0 0 0 0 0 0 0 0 0 0 0 0 0 0 0 0 0 0 0 0 0 0 0 0 0 0 
40 f 0 p 1 f 1 b000 0 0 0 0 0 0 0 0 0 0 0 404040 0 0 0 0 0 0 0 0 0 0 0 0 0 0 0 0 0 210000 0 0 0 0 0 0 0 0 0 0 0 0 0 0 0 0 0 0 0 0 0 0 0 0 0 0 0 0 0 0 0 0 0 0 
40 f 0 p 1 f 1 2a000 0 0 0 0 0 0 0 0 0 0 0 404040 0 0 0 0 0 0 0 0 0 0 0 0 0 0 0 0 0 0 0 0 0 0 800100 0 0 0 0 0 0 0 0 0 0 0 0 0 0 0 0 0 0 0 0 0 0 0 0 0 0 0 0 0 
40 f 0 p 1 f 1 40a000 0 0 0 0 0 0 0 0 0 0 0 4000c0 0 0 0 0 0 0 0 0 0 0 0 0 0 0 0 0 0 0 0 0 0 0 0 0 0 0 0 0 0 0 0 0 10040 0 0 0 0 0 0 0 0 0 0 0 0 0 0 0 0 0 0 0 
40 11 0 p 1 11 1 908000 0 0 0 0 0 0 0 0 0 0 0 0 0 0 0 0 0 0 0 0 0 0 0 0 0 c4 0 0 0 0 0 0 0 0 0 0 0 0 0 0 0 0 0 0 502004 0 0 0 0 0 0 0 0 0 0 0 0 0 0 0 0 0 0 0 
40 f 0 p 1 f 1 908000 0 0 0 0 0 0 0 0 0 0 0 0 0 0 0 0 0 0 0 0 0 0 0 0 0 84 0 0 0 0 0 0 0 0 0 0 0 0 0 0 0 0 0 0 102004 0 0 0 0 0 0 0 0 0 0 0 0 0 0 0 0 0 0 0 
40 11 0 p 1 11 1 d08000 0 0 0 0 0 0 0 0 0 0 0 0 0 0 0 0 0 0 0 0 0 0 0 0 0 84 0 0 0 0 0 0 0 0 0 0 0 0 0 0 0 0 0 0 102044 0 0 0 0 0 0 0 0 0 0 0 0 0 0 0 0 0 0 0 
40 11 0 p 1 11 1 588000 0 0 0 0 0 0 0 0 0 0 0 0 0 0 0 0 0 0 0 0 0 0 0 0 0 0 0 0 0 0 0 0 0 0 0 0 0 0 0 0 0 0 0 0 6044 0 0 0 0 0 0 0 0 0 0 0 0 0 0 0 0 0 210000 0 
40 f 0 p 1 f 1 10c000 0 0 0 0 0 0 0 0 0 0 0 0 0 0 0 0 0 0 0 0 0 0 0 0 0 0 0 0 0 0 0 0 0 0 0 0 0 0 0 0 0 0 0 0 200c 0 0 0 1080 0 0 0 0 0 0 0 0 0 0 0 0 0 0 0 
40 10 0 p 1 10 1 108200 100400 0 0 0 0 0 0 0 0 0 0 0 0 0 0 0 0 0 0 0 0 0 0 0 0 0 0 0 0 0 0 0 0 0 0 0 0 0 0 0 0 0 0 0 2104 0 0 0 0 0 0 0 0 0 0 0 0 0 0 0 0 0 0 0 
40 11 0 p 1 11 1 588000 0 0 0 0 0 0 0 0 0 0 0 0 0 0 0 0 0 0 0 0 0 0 0 0 0 0 0 0 0 0 0 0 0 0 0 0 0 0 0 0 0 0 0 0 6040 0 0 0 0 0 0 0 0 0 0 0 0 0 0 0 0 0 210200 0 
40 11 0 p 1 11 1 188000 0 0 0 0 0 0 0 0 0 0 0 0 0 0 0 0 0 0 0 0 0 0 0 0 0 0 0 0 0 0 0 0 0 0 0 0 0 0 0 0 0 0 0 0 6200 0 0 0 0 0 0 0 0 0 0 0 0 0 0 0 0 0 250200 0 
40 12 0 p 1 12 1 28008 0 0 0 0 0 0 0 0 0 0 0 0 0 0 0 0 0 0 0 0 0 0 0 0 0 0 0 0 0 0 0 0 0 200002 0 0 0 0 0 0 0 0 0 0 202400 1080000 0 0 0 0 0 0 0 0 0 0 0 0 0 0 0 0 0 0 
40 11 0 p 1 11 1 c08000 0 0 0 0 0 0 0 0 0 0 0 0 0 0 0 0 0 0 0 0 0 0 0 0 0 c4 0 0 0 0 0 0 0 0 0 0 0 0 0 0 0 0 0 0 502040 0 0 0 0 0 0 0 0 0 0 0 0 0 0 0 0 0 0 0 
40 f 0 p 1 f 1 408100 0 0 0 0 0 0 0 0 0 0 0 0 0 0 0 0 0 0 0 0 0 0 0 0 0 0 0 0 0 0 0 0 0 0 0 0 0 0 0 0 0 0 0 0 6040 0 0 0 0 0 0 0 0 0 0 0 0 0 0 0 0 0 10002 0 
40 f 0 p 1 f 1 408080 0 0 0 0 0 0 0 0 0 0 0 0 0 0 0 0 0 0 0 0 0 0 0 0 0 0 0 0 0 0 0 0 0 0 0 0 0 800008 0 0 0 0 0 0 2060 0 0 0 0 0 0 0 0 0 0 0 0 0 0 0 0 0 0 0 
40 f 0 p 1 f 1 c08000 0 0 0 0 0 0 0 0 0 0 0 0 0 0 0 0 0 0 0 0 0 0 0 0 0 84 0 0 0 0 0 0 0 0 0 0 0 0 0 0 0 0 0 0 102040 0 0 0 0 0 0 0 0 0 0 0 0 0 0 0 0 0 0 0 
40 10 0 p 1 10 1 40c000 0 0 0 0 0 0 0 0 0 0 0 0 0 0 0 0 0 0 0 0 0 0 0 0 0 0 0 0 0 0 0 0 0 0 0 0 0 0 0 0 0 0 0 0 2048 0 0 0 1080 0 0 0 0 0 0 0 0 0 0 0 0 0 0 0 
40 f 0 p 1 f 1 408200 100400 0 0 0 0 0 0 0 0 0 0 0 0 0 0 0 0 0 0 0 0 0 0 0 0 0 0 0 0 0 0 0 0 0 0 0 0 0 0 0 0 0 0 0 2140 0 0 0 0 0 0 0 0 0 0 0 0 0 0 0 0 0 0 0 
40 e 0 p 1 e 1 488000 0 0 0 0 0 0 0 0 0 0 0 0 0 0 0 0 0 0 0 0 0 0 0 0 0 0 0 0 0 0 0 0 0 0 0 0 0 0 0 0 0 0 0 0 6040 0 0 0 0 0 0 0 0 0 0 0 0 0 0 0 0 0 210000 0 
40 11 0 p 1 11 1 88080 0 0 0 0 0 0 0 0 0 0 0 0 0 0 0 0 0 0 0 0 0 0 0 0 0 0 0 0 0 0 0 0 15200 0 0 0 0 0 0 0 0 0 0 0 0 0 0 0 0 0 50010 0 0 0 0 0 0 0 0 0 0 0 0 0 
40 10 0 p 1 10 1 488000 0 0 0 0 0 0 0 0 0 0 0 0 0 0 0 0 0 0 0 0 0 0 0 0 0 0 0 0 0 0 0 0 7200 0 0 0 0 0 0 0 0 0 0 0 0 0 0 0 0 0 50010 0 0 0 0 0 0 0 0 0 0 0 0 0 
40 11 0 p 1 11 1 1100080 0 0 0 0 0 0 0 221800 0 0 0 0 0 0 0 0 0 0 0 0 0 0 0 0 0 0 0 0 0 0 0 0 0 0 0 0 0 a00008 0 0 0 0 0 0 0 0 0 0 0 0 0 0 0 0 0 0 0 0 0 0 0 0 0 0 
40 f 0 p 1 f 1 1100001 0 0 0 0 0 0 0 420800 0 0 0 0 0 0 0 0 0 0 0 0 0 0 0 0 0 0 0 0 0 0 0 0 0 0 0 0 0 0 0 0 802000 0 0 0 0 0 0 0 0 0 0 0 0 0 0 0 0 0 0 0 0 0 0 0 
40 f 0 p 1 f 1 1100400 0 0 0 0 0 0 0 20804 0 0 0 0 0 0 0 0 0 0 0 0 0 0 0 0 0 0 0 0 0 0 0 0 0 0 0 0 0 0 0 0 0 0 0 40100 0 0 0 0 0 0 0 0 0 0 0 0 0 0 0 0 0 0 0 0 
40 f 0 p 1 f 1 500100 0 0 0 0 0 0 0 0 0 0 0 0 0 0 0 0 0 0 0 0 0 0 0 0 0 0 0 0 0 0 0 0 0 0 0 0 0 0 0 0 0 0 0 0 4044 0 0 0 0 0 0 0 0 0 0 0 0 0 0 0 0 0 10002 0 
40 11 0 p 1 11 1 500004 0 0 0 0 0 0 0 0 0 0 0 0 0 0 0 0 0 0 0 0 0 0 0 0 0 0 4804 0 0 0 0 0 0 0 0 0 0 0 0 0 0 0 0 0 10244 0 0 0 0 0 0 0 0 0 0 0 0 0 0 0 0 0 0 0 
40 11 0 p 1 11 1 120008 0 0 0 0 0 0 0 0 0 0 0 0 0 0 0 0 44200 0 0 0 0 0 0 0 0 0 0 0 0 0 0 0 0 0 d0100 0 0 0 0 0 0 0 0 0 0 0 0 0 0 0 0 0 0 0 0 0 0 0 0 0 0 0 0 0 
40 f 0 p 1 f 1 100101 0 0 1080 0 0 0 0 0 0 0 0 0 0 0 0 0 0 0 0 0 0 0 0 0 0 0 0 0 0 0 0 0 0 0 0 0 0 0 0 0 0 0 0 0 0 0 0 0 0 0 0 0 0 0 0 0 0 0 0 0 0 0 20a 0 
40 10 0 p 1 10 1 100102 0 0 0 0 0 0 0 0 0 0 0 0 0 0 0 0 0 0 0 0 0 0 0 0 0 0 0 0 0 420000 0 0 0 0 0 0 0 0 0 0 0 0 0 0 0 0 0 0 0 0 0 0 0 0 0 0 0 0 0 0 0 0 2202 0 
40 10 0 p 1 10 1 100102 0 0 0 0 0 0 0 0 0 0 0 0 0 0 0 0 0 0 0 0 0 0 0 0 0 0 0 0 0 20080 0 0 0 0 0 0 0 0 0 0 0 0 0 0 0 0 0 0 0 0 0 0 0 0 0 0 0 0 0 0 0 0 10202 0 
40 10 0 p 1 10 1 100900 0 0 0 0 0 0 0 0 0 0 0 0 0 0 0 0 0 0 0 0 0 0 0 0 0 0 0 0 0 0 0 0 0 0 0 0 0 0 0 0 0 0 0 0 0 0 0 0 0 0 0 0 0 0 1000200 0 0 0 0 0 0 0 20202 0 
40 f 0 p 1 f 1 100104 0 0 0 0 0 0 0 0 0 0 0 0 0 0 0 0 0 0 100400 0 0 0 0 0 0 0 0 0 0 0 0 0 0 0 0 0 0 0 0 0 0 0 0 0 0 0 0 0 0 0 0 0 0 0 0 0 0 0 0 0 0 0 302 0 
40 e 0 p 1 e 1 100180 0 0 0 0 0 0 0 0 0 0 0 0 0 0 0 0 0 0 0 0 0 0 0 0 0 0 0 0 0 0 0 0 210000 0 0 0 0 0 0 0 0 0 0 0 0 0 0 0 0 0 0 0 0 0 0 0 0 0 0 0 0 0 20a 0 
40 f 0 p 1 f 1 100180 0 0 0 0 0 0 0 0 0 0 0 0 0 0 0 0 0 0 0 0 0 0 0 0 0 0 0 0 0 0 0 0 10002 0 0 0 0 0 0 0 0 0 0 0 0 0 0 0 0 0 0 0 0 0 0 0 0 0 0 0 0 0 20202 0 
40 10 0 p 1 10 1 120100 0 0 0 0 0 0 0 0 0 0 0 0 0 0 0 0 0 0 0 0 0 0 0 0 0 0 0 0 0 0 0 0 0 0 0 0 0 0 0 0 0 0 0 0 0 0 0 0 0 0 0 0 0 0 100400 0 0 0 0 0 0 0 a02 0 
40 11 0 p 1 11 1 1d0100 0 0 0 0 0 0 0 0 0 0 0 0 0 0 0 0 0 0 0 0 0 0 0 0 0 0 0 0 0 0 0 0 0 0 0 0 0 0 0 0 0 0 0 0 0 4200 0 0 0 0 0 0 0 0 0 0 0 0 0 0 0 0 200202 0 
40 f 0 p 1 f 1 120100 0 0 0 0 0 0 0 0 0 0 0 0 0 0 0 0 0 0 0 0 0 0 0 0 0 0 0 0 0 0 0 0 0 0 40100 0 0 0 0 0 0 0 0 0 0 0 0 0 0 0 0 0 0 0 0 0 0 0 0 0 0 0 206 0 
40 10 0 p 1 10 1 180001 0 0 1080 0 0 0 0 0 0 0 0 0 0 0 0 0 0 0 0 0 0 0 0 0 0 0 0 0 0 0 0 0 0 0 0 0 0 0 0 0 0 0 0 0 0 0 0 0 0 0 0 0 0 0 0 0 0 0 0 0 0 0 200208 0 
40 f 0 p 1 f 1 180004 0 0 0 0 0 0 0 0 0 0 0 0 0 0 0 0 0 0 100400 0 0 0 0 0 0 0 0 0 0 0 0 0 0 0 0 0 0 0 0 0 0 0 0 0 0 0 0 0 0 0 0 0 0 0 0 0 0 0 0 0 0 0 200300 0 
40 10 0 p 1 10 1 180080 0 0 0 0 0 0 0 0 0 0 0 0 0 0 0 0 0 0 0 0 0 0 0 0 0 0 0 0 0 0 0 0 210000 0 0 0 0 0 0 0 0 0 0 0 0 0 0 0 0 0 0 0 0 0 0 0 0 0 0 0 0 0 200208 0 
40 10 0 p 1 10 1 180080 0 0 0 0 0 0 0 0 0 0 0 0 0 0 0 0 0 0 0 0 0 0 0 0 0 0 0 0 0 0 0 0 10002 0 0 0 0 0 0 0 0 0 0 0 0 0 0 0 0 0 0 0 0 0 0 0 0 0 0 0 0 0 220200 0 
40 f 0 p 1 f 1 1a0000 0 0 0 0 0 0 0 0 0 0 0 0 0 0 0 0 0 0 0 0 0 0 0 0 0 0 0 0 0 0 0 0 0 0 0 0 0 0 0 0 0 0 0 0 0 0 0 0 0 0 0 0 0 0 100400 0 0 0 0 0 0 0 200a00 0 
40 f 0 p 1 f 1 1a0000 0 0 0 0 0 0 0 0 0 0 0 0 0 0 0 0 0 0 0 0 0 0 0 0 0 0 0 0 0 0 0 0 0 0 40100 0 0 0 0 0 0 0 0 0 0 0 0 0 0 0 0 0 0 0 0 0 0 0 0 0 0 0 200204 0 
40 10 0 p 1 10 1 200022 0 0 0 0 0 0 0 0 0 0 0 0 0 0 0 0 0 0 0 0 0 0 0 0 0 0 0 0 0 22008 0 0 0 0 0 0 0 0 0 0 0 0 0 0 0 0 0 0 0 0 0 0 0 0 0 0 0 0 0 0 401000 0 0 0 
40 10 0 p 1 10 1 208002 0 0 0 0 0 0 0 0 0 0 0 0 0 0 0 0 0 0 0 0 0 0 0 0 0 0 0 0 0 20108 0 0 0 0 0 0 0 0 0 0 0 0 0 0 0 0 0 0 0 0 1000010 0 0 0 0 0 0 0 0 0 0 0 0 0 
40 12 0 p 1 12 1 300002 0 0 0 0 0 0 0 0 0 0 0 80200 0 0 0 0 0 0 0 0 0 0 0 0 0 0 0 0 0 60008 0 0 0 0 0 0 0 0 0 0 0 0 0 0 1004 0 0 0 0 0 0 0 0 0 0 0 0 0 0 0 0 0 0 0 
40 10 0 p 1 10 1 208002 0 0 0 0 0 0 0 0 0 0 0 0 0 0 0 0 0 0 0 0 0 0 0 0 0 0 0 0 0 20028 0 0 0 0 0 0 0 0 0 0 0 0 0 0 0 0 0 0 0 0 0 0 0 0 0 0 200040 0 0 0 0 0 0 0 
40 10 0 p 1 10 1 204002 0 0 0 0 0 0 0 0 0 0 0 0 0 0 0 0 0 0 0 0 0 0 800008 0 0 0 0 0 0 20028 0 0 0 0 0 0 0 0 0 0 0 0 0 0 0 0 0 0 0 0 0 0 0 0 0 0 0 0 0 0 0 0 0 0 
40 10 0 p 1 10 1 200202 0 0 0 0 0 0 0 0 802 0 0 0 0 0 0 0 0 0 0 0 0 0 0 0 0 0 0 0 0 20408 0 0 0 0 0 0 0 0 0 0 0 0 0 0 0 0 0 0 0 0 0 0 0 0 0 0 0 0 0 0 0 0 0 0 
40 f 0 p 1 f 1 1200002 0 0 0 0 0 0 0 0 0 0 0 0 0 0 0 0 0 0 0 0 0 0 0 0 0 0 0 0 0 22008 0 0 0 0 0 0 0 0 0 0 0 42 0 0 0 0 0 0 0 0 0 0 0 0 0 0 0 0 0 0 0 0 0 0 
40 e 0 p 1 e 1 200012 0 0 0 0 0 0 0 0 0 0 0 0 108000 0 0 0 0 0 0 0 0 0 0 0 0 0 0 0 0 60008 0 0 0 0 0 0 0 0 0 0 0 0 0 0 0 0 0 0 0 0 0 0 0 0 0 0 0 0 0 0 0 0 0 0 
40 10 0 p 1 10 1 81002 0 0 0 0 0 0 0 0 0 0 0 0 0 0 0 0 0 0 0 0 0 0 0 0 0 0 0 0 0 220080 0 0 0 0 0 0 0 0 0 0 0 0 0 0 0 0 0 0 0 0 0 0 0 0 0 0 0 0 0 0 0 0 210000 0 
40 11 0 p 1 11 1 10240 0 0 0 0 0 0 0 0 0 0 0 0 0 0 0 0 0 0 0 0 0 0 0 0 0 0 0 0 0 0 0 0 0 0 0 0 0 0 0 0 0 0 0 0 0 6014 0 0 0 0 0 2050 0 0 0 0 0 0 0 0 0 0 0 0 
40 11 0 p 1 11 1 2050 0 0 0 0 0 0 0 0 0 0 0 10240 0 0 0 0 0 0 0 0 0 0 0 0 0 0 0 0 0 0 0 0 0 0 0 0 0 0 0 0 0 0 0 0 0 0 0 0 0 0 0 0 0 0 0 0 0 6014 0 0 0 0 0 0 
40 f 0 p 1 f 1 2050 0 0 0 0 0 0 0 0 0 0 0 10040 0 0 0 0 0 0 0 0 0 0 0 0 0 0 0 0 0 0 0 0 0 0 0 0 0 0 0 0 0 0 0 0 0 0 0 0 0 0 0 0 0 0 0 0 0 6010 0 0 0 0 0 0 
40 f 0 p 1 f 1 10050 0 0 0 0 0 0 0 0 0 0 0 0 0 0 0 0 0 0 0 0 0 0 0 0 0 0 0 0 0 0 84 0 0 0 0 0 0 0 0 0 0 0 0 0 0 0 0 0 0 0 0 0 0 0 0 0 0 2810 0 0 0 0 0 0 
40 f 0 p 1 f 1 2050 0 0 0 0 0 0 0 0 0 0 0 0 0 0 0 0 0 0 0 0 0 0 0 0 0 0 0 0 0 0 400004 0 0 0 0 0 0 0 0 0 0 0 0 0 0 0 0 0 0 0 0 0 0 0 0 0 0 2810 0 0 0 0 0 0 
40 10 0 p 1 10 1 40050 0 0 0 0 0 0 0 0 0 0 0 0 0 0 0 0 0 0 0 0 0 0 0 0 0 0 0 1004 0 0 0 0 0 0 0 0 0 0 0 0 0 0 0 0 0 0 0 0 0 0 0 0 0 0 0 0 0 202010 0 0 0 0 0 0 
40 11 0 p 1 11 1 168 0 0 0 0 0 0 8020 0 0 0 0 0 0 0 0 0 0 0 0 0 1000010 0 0 0 0 0 200040 0 0 0 0 0 0 0 0 0 0 0 0 0 0 0 0 0 0 0 0 0 0 0 0 0 0 0 0 0 0 0 0 0 0 0 0 0 
40 10 0 p 1 10 1 12048 0 0 0 0 0 0 8020 0 0 0 0 0 0 0 0 0 0 0 0 0 0 0 0 0 0 0 0 0 0 0 400080 0 0 0 0 0 0 0 0 0 0 0 0 0 0 0 0 0 0 0 0 0 0 0 0 0 0 0 0 0 0 0 0 0 
40 f 0 p 1 f 1 50048 0 0 0 0 0 0 8020 0 0 0 0 0 0 0 0 0 0 0 0 0 0 0 0 0 0 0 0 0 0 0 0 0 0 0 0 0 0 0 0 0 0 0 0 0 0 4200 0 0 0 0 0 0 0 0 0 0 0 0 0 0 0 0 0 0 
40 f 0 p 1 f 1 204c 0 0 0 0 0 0 8020 0 0 0 0 0 0 0 0 0 0 0 108000 0 0 0 0 0 0 0 0 0 0 0 0 0 0 0 0 0 0 0 0 0 0 0 0 0 0 0 0 0 0 0 0 0 0 0 0 0 0 0 0 0 0 0 0 0 
40 11 0 p 1 11 1 348 0 0 0 0 0 0 8020 0 0 0 0 0 0 0 0 0 0 0 0 0 1000010 0 0 0 0 0 0 0 0 0 0 0 0 0 0 0 0 0 0 0 0 0 0 0 0 400004 0 0 0 0 0 0 0 0 0 0 0 0 0 0 0 0 0 0 
40 f 0 p 1 f 1 80148 0 0 0 0 0 0 8020 0 0 0 0 0 0 0 0 0 0 0 0 0 0 0 0 0 0 0 0 0 0 0 0 0 0 0 0 0 0 0 0 0 0 0 0 0 0 0 0 0 0 0 0 0 0 0 0 0 0 0 0 0 0 0 200002 0 
40 12 0 p 1 12 1 200c00 1080000 0 0 0 0 0 0 0 40005 0 0 0 0 0 0 0 0 0 0 0 0 0 0 0 0 0 4200 0 0 0 0 0 0 0 0 0 0 0 0 0 0 0 0 0 0 0 0 0 0 0 0 0 0 0 0 0 0 0 0 0 0 0 0 0 
40 f 0 p 1 f 1 a40 0 0 0 0 0 0 0 0 1040800 0 0 0 0 0 0 0 0 0 0 0 0 0 0 0 0 0 0 0 0 0 0 0 0 0 0 0 0 0 0 0 0 0 0 0 0 0 0 0 0 0 0 2100 0 0 0 0 0 0 0 0 0 0 0 0 
40 f 0 p 1 f 1 10a00 0 0 0 0 0 0 0 0 42800 0 0 0 0 0 0 0 0 0 0 0 0 0 0 0 0 0 0 8001 0 0 0 0 0 0 0 0 0 0 0 0 0 0 0 0 0 0 0 0 0 0 0 0 0 0 0 0 0 0 0 0 0 0 0 0 
40 10 0 p 1 10 1 200a00 0 0 0 0 0 0 0 0 40810 0 0 0 0 0 0 0 0 0 0 0 0 0 0 0 0 0 0 0 0 0 0 0 0 401000 0 0 0 0 0 0 0 0 0 0 0 0 0 0 0 0 0 0 0 0 0 0 0 0 0 0 0 0 0 0 
40 10 0 p 1 10 1 400a00 0 0 0 0 0 0 0 0 40801 0 0 0 0 0 0 0 0 0 0 0 0 0 0 0 0 0 0 0 0 0 0 0 0 0 0 0 0 0 0 0 0 0 0 0 10040 0 0 0 0 0 0 0 0 0 0 0 0 0 0 0 0 0 0 0 
40 12 0 p 1 12 1 200c00 1080000 0 0 0 0 0 0 0 0 0 0 0 0 0 0 0 0 0 0 0 0 0 0 0 0 0 0 0 0 0 0 0 0 0 0 0 0 0 0 0 0 0 0 0 0 0 0 0 0 0 0 0 0 200002 80300 0 0 0 0 0 0 0 0 0 
40 10 0 p 1 10 1 40801 0 0 0 0 0 0 0 0 0 0 0 0 0 0 0 0 0 0 0 0 0 0 0 0 0 0 0 0 0 0 0 0 0 0 0 10040 0 0 0 0 0 0 0 0 0 0 0 0 0 0 0 0 0 0 400a00 0 0 0 0 0 0 0 0 0 
40 f 0 p 1 f 1 1040800 0 0 0 0 0 0 0 0 0 0 0 0 0 0 0 0 0 0 0 0 0 0 0 0 0 0 0 0 0 0 0 0 0 0 0 0 0 0 0 0 0 0 2100 0 0 0 0 0 0 0 0 0 0 0 a40 0 0 0 0 0 0 0 0 0 
40 f 0 p 1 f 1 42800 0 0 0 0 0 0 0 0 0 0 0 0 0 0 0 0 0 0 8001 0 0 0 0 0 0 0 0 0 0 0 0 0 0 0 0 0 0 0 0 0 0 0 0 0 0 0 0 0 0 0 0 0 0 0 10a00 0 0 0 0 0 0 0 0 0 
40 10 0 p 1 10 1 40810 0 0 0 0 0 0 0 0 0 0 0 0 0 0 0 0 0 0 0 0 0 0 0 0 401000 0 0 0 0 0 0 0 0 0 0 0 0 0 0 0 0 0 0 0 0 0 0 0 0 0 0 0 0 0 200a00 0 0 0 0 0 0 0 0 0 
40 10 0 p 1 10 1 11010 0 0 0 0 0 0 0 0 0 0 0 0 8001 0 0 0 0 0 0 0 0 0 0 0 0 0 0 0 0 0 84080 0 0 0 0 0 0 0 0 0 0 0 0 0 0 0 0 0 0 0 0 0 0 0 0 0 0 0 0 0 0 0 0 0 
40 10 0 p 1 10 1 11200 0 0 0 0 0 0 0 0 802 0 0 0 0 0 0 0 0 0 0 0 0 0 0 0 0 0 0 0 0 0 1080080 0 0 0 0 0 0 0 0 0 0 0 0 0 0 0 0 0 0 0 0 0 0 0 0 0 0 0 0 0 0 0 0 0 
40 f 0 p 1 f 1 11004 0 0 0 0 0 0 0 0 0 0 0 0 0 0 0 0 0 210 0 0 0 0 0 0 0 0 0 0 0 0 88080 0 0 0 0 0 0 0 0 0 0 0 0 0 0 0 0 0 0 0 0 0 0 0 0 0 0 0 0 0 0 0 0 0 
40 10 0 p 1 10 1 411000 0 0 0 0 0 0 0 0 0 0 0 0 0 0 0 0 0 0 0 0 0 0 0 0 0 0 0 0 0 0 80082 0 0 0 0 0 0 0 0 0 0 0 0 0 0 0 0 0 0 0 0 8400 0 0 0 0 0 0 0 0 0 0 0 0 
40 12 0 p 1 12 1 31000 0 0 0 0 0 0 0 0 0 0 0 0 0 0 0 0 0 0 0 0 0 0 0 0 210 0 0 0 0 0 800c0 0 0 802 0 0 0 0 0 0 0 0 0 0 0 0 0 0 0 0 0 0 0 0 0 0 0 0 0 0 0 0 0 0 
40 f 0 p 1 f 1 11004 0 0 0 0 0 0 0 0 0 0 0 0 0 0 0 0 0 0 0 0 0 0 0 0 0 0 0 0 0 0 90080 0 0 0 0 840000 0 0 0 0 0 0 0 0 0 0 0 0 0 0 0 0 0 0 0 0 0 0 0 0 0 0 0 0 
40 11 0 p 1 11 1 1b000 0 0 0 0 0 0 0 0 0 0 0 400004 0 0 0 0 0 0 0 0 0 0 0 0 0 0 0 0 0 0 580080 0 0 0 0 0 0 0 0 0 0 0 0 0 0 0 0 0 0 0 0 0 0 0 0 0 0 0 0 0 0 0 0 0 
40 11 0 p 1 11 1 53000 0 0 0 0 0 0 0 0 0 0 0 0 0 0 0 0 0 0 0 0 0 0 0 0 0 0 0 1004 0 0 4800a0 0 0 0 0 0 0 0 0 0 0 0 0 0 0 0 0 0 0 0 0 0 0 0 0 0 0 0 0 0 0 0 0 0 
40 10 0 p 1 10 1 12001 0 0 0 0 0 0 0 0 0 0 0 0 0 0 0 0 0 4010 0 0 0 0 0 0 0 0 0 0 0 0 408080 0 0 0 0 0 0 0 0 0 0 0 0 0 0 0 0 0 0 0 0 0 0 0 0 0 0 0 0 0 0 0 0 0 
40 10 0 p 1 10 1 12020 0 0 0 0 0 0 0 0 0 0 0 0 0 0 0 0 0 0 0 0 0 0 0 0 0 0 0 0 0 0 400082 0 0 0 0 0 0 0 0 0 0 0 0 0 0 0 0 0 0 0 0 0 0 0 0 0 0 0 0 0 21000 0 0 0 
40 e 0 p 1 e 1 1a000 0 0 0 0 0 0 0 0 0 0 0 400004 0 0 0 0 0 0 0 0 0 0 0 0 0 0 0 0 0 0 500080 0 0 0 0 0 0 0 0 0 0 0 0 0 0 0 0 0 0 0 0 0 0 0 0 0 0 0 0 0 0 0 0 0 
40 e 0 p 1 e 1 52000 0 0 0 0 0 0 0 0 0 0 0 0 0 0 0 0 0 0 0 0 0 0 0 0 0 0 0 1004 0 0 4000a0 0 0 0 0 0 0 0 0 0 0 0 0 0 0 0 0 0 0 0 0 0 0 0 0 0 0 0 0 0 0 0 0 0 
40 10 0 p 1 10 1 12008 0 0 0 1004 0 0 0 0 0 0 0 0 0 0 0 0 0 0 0 0 0 0 0 0 0 0 0 0 0 0 400880 0 0 0 0 0 0 0 0 0 0 0 0 0 0 0 0 0 0 0 0 0 0 0 0 0 0 0 0 0 0 0 0 0 
40 10 0 p 1 10 1 812000 0 0 0 0 0 0 0 0 0 0 0 0 0 0 0 0 0 0 0 0 0 0 100001 0 0 0 0 0 0 0 400880 0 0 0 0 0 0 0 0 0 0 0 0 0 0 0 0 0 0 0 0 0 0 0 0 0 0 0 0 0 0 0 0 0 
40 11 0 p 1 11 1 12c00 0 0 0 0 0 0 0 0 40008 0 0 0 0 0 0 0 0 0 0 0 0 0 0 0 0 0 0 0 0 0 400080 0 0 0 0 0 0 0 0 0 0 0 200002 0 0 0 0 0 0 0 0 0 0 0 0 0 0 0 0 0 0 0 0 0 
40 11 0 p 1 11 1 16800 0 0 0 0 0 0 0 0 0 0 0 0 0 0 0 0 0 10040 0 0 0 0 0 0 0 0 0 0 0 0 400080 0 0 0 0 0 400004 0 0 0 0 0 0 0 0 0 0 0 0 0 0 0 0 0 0 0 0 0 0 0 0 0 0 0 
40 f 0 p 1 f 1 32008 0 0 0 0 0 0 0 0 0 0 0 0 0 0 0 0 0 0 0 0 0 0 0 0 0 0 0 0 0 0 400080 0 0 200002 0 0 0 0 0 0 0 0 0 0 0 0 0 0 0 0 0 0 0 0 0 0 0 0 0 0 0 0 0 0 
40 f 0 p 1 f 1 92100 0 0 0 0 0 0 0 0 0 0 0 0 0 0 0 0 0 0 0 0 0 0 0 0 0 0 0 0 0 0 400080 0 0 0 0 0 0 0 0 0 0 0 0 0 0 0 0 0 0 0 0 0 0 0 0 0 0 0 0 0 0 0 200002 0 
40 12 0 p 1 12 1 430000 0 0 0 0 a40000 0 0 0 0 0 0 0 0 0 0 0 0 0 0 0 0 0 0 0 0 0 0 0 0 0 0 0 0 0 108 0 0 0 0 0 0 0 0 0 0 0 0 0 0 0 0 108000 0 0 0 0 0 0 0 0 0 0 0 0 
40 e 0 p 1 e 1 52000 0 0 0 0 0 0 0 0 0 0 0 200040 0 0 0 0 0 0 0 0 0 0 0 0 0 0 0 0 0 0 0 0 0 0 0 0 0 0 0 0 0 0 0 0 0 5200 0 0 0 0 0 0 0 0 0 0 0 0 0 0 0 0 0 0 
40 f 0 p 1 f 1 50100 0 0 0 0 0 0 0 0 0 0 0 0 0 0 0 0 0 0 0 0 1000010 0 0 0 0 0 0 0 0 0 0 0 0 0 0 0 0 0 0 0 0 0 0 0 0 404200 0 0 0 0 0 0 0 0 0 0 0 0 0 0 0 0 0 0 
40 e 0 p 1 e 1 50200 108000 0 0 0 0 0 0 0 0 0 0 0 0 0 0 0 0 0 0 0 0 0 0 0 0 0 0 0 0 0 0 0 0 0 0 0 0 0 0 0 0 0 0 0 0 6200 0 0 0 0 0 0 0 0 0 0 0 0 0 0 0 0 0 0 
40 f 0 p 1 f 1 1050000 0 0 0 0 0 0 0 20080 0 0 0 0 0 0 0 0 0 0 0 0 0 0 0 0 0 0 0 0 0 0 0 0 0 0 0 0 0 0 0 0 0 0 0 0 0 804200 0 0 0 0 0 0 0 0 0 0 0 0 0 0 0 0 0 0 
40 e 0 p 1 e 1 10240 0 0 0 0 0 0 0 0 0 0 0 0 0 0 0 0 0 0 400004 0 0 0 0 0 0 0 0 0 0 0 0 0 0 0 0 0 0 0 0 0 0 0 0 0 0 4804 0 0 0 0 0 0 0 0 0 0 0 0 0 0 0 0 0 0 
40 12 0 p 1 12 1 30200 0 0 0 0 0 0 400004 0 0 0 0 0 0 0 0 0 0 0 0 0 0 0 0 0 0 0 0 0 0 0 0 0 0 802 0 0 0 0 0 0 0 0 0 0 0 4014 0 0 0 0 0 0 0 0 0 0 0 0 0 0 0 0 0 0 
40 10 0 p 1 10 1 410200 0 0 0 0 0 0 0 0 0 0 0 0 0 0 0 0 0 0 0 0 0 0 0 0 0 0 0 0 0 0 0 0 0 0 0 0 0 0 0 0 0 0 0 0 200040 84004 0 0 0 0 0 0 0 0 0 0 0 0 0 0 0 0 0 0 
40 b 0 p 1 b 1 50200 0 0 0 0 0 0 0 0 0 0 0 0 0 0 0 0 0 0 0 0 0 0 0 0 0 0 0 0 0 0 0 0 0 0 0 0 0 0 0 0 0 0 0 0 0 4204 0 0 0 0 0 0 0 0 0 0 0 0 0 0 0 0 0 0 
40 11 0 p 1 11 1 50240 0 0 0 0 0 0 0 0 0 0 0 0 0 0 0 0 0 0 400004 0 0 0 0 0 0 0 0 0 0 0 0 0 0 0 0 0 0 0 0 0 0 0 0 0 0 4a04 0 0 0 0 0 0 0 0 0 0 0 0 0 0 0 0 0 0 
40 10 0 p 1 10 1 d0300 0 0 0 0 0 0 0 0 0 0 0 0 0 0 0 0 0 0 0 0 0 0 0 0 0 0 0 0 0 0 0 0 0 0 0 0 0 0 0 0 0 0 0 0 0 4204 0 0 0 0 0 0 0 0 0 0 0 0 0 0 0 0 200002 0 
40 11 0 p 1 11 1 50200 0 0 0 0 0 0 0 0 0 0 0 0 0 0 0 0 0 0 0 0 0 0 0 0 0 0 0 0 0 0 0 0 0 0 0 0 0 0 0 0 0 0 0 0 0 424c 0 0 0 0 0 0 8020 0 0 0 0 0 0 0 0 0 0 0 
40 12 0 p 1 12 1 10300 0 0 401 0 0 0 0 0 0 0 0 0 0 0 0 0 0 0 0 0 1004000 0 0 0 0 0 0 0 0 0 0 0 0 0 0 0 0 0 0 0 0 0 0 0 0 4006 0 0 0 0 0 0 0 0 0 0 0 0 0 0 0 0 0 0 
40 f 0 p 1 f 1 11200 0 0 420 0 0 0 0 0 0 0 0 0 0 0 0 0 0 0 0 0 0 0 0 0 0 0 0 0 0 0 0 0 0 0 0 0 0 0 0 0 0 0 0 0 0 4006 0 0 0 0 0 0 0 0 0 0 0 0 0 0 0 0 0 0 
40 10 0 p 1 10 1 12200 0 0 0 0 0 0 0 0 0 0 0 0 0 0 0 0 0 0 8020 0 0 0 0 0 0 0 0 0 0 0 0 0 0 0 0 0 0 0 0 0 0 0 0 0 0 204004 0 0 0 0 0 0 0 0 0 0 0 0 0 0 0 0 0 0 
40 10 0 p 1 10 1 10204 0 0 0 0 0 0 0 0 0 0 0 0 0 0 0 0 0 0 100020 0 0 0 0 0 0 0 0 0 0 0 0 0 0 0 0 0 0 0 0 0 0 0 0 0 0 204004 0 0 0 0 0 0 0 0 0 0 0 0 0 0 0 0 0 0 
40 11 0 p 1 11 1 58001 0 0 0 0 0 0 0 0 0 0 0 0 0 0 0 0 0 0 0 0 0 0 0 0 0 0 0 0 0 0 0 0 0 0 0 10800 0 0 0 0 0 0 0 0 42000 4200 0 0 0 0 0 0 0 0 0 0 0 0 0 0 0 0 0 0 
40 13 0 p 1 13 1 150020 0 0 0 0 0 0 0 0 0 0 0 0 0 0 0 0 0 0 0 0 0 0 0 0 0 0 0 0 0 0 0 0 0 0 0 0 0 0 0 0 0 0 0 0 0 4200 0 0 0 0 0 0 0 0 0 0 2008 0 0 0 0 0 210 0 
40 11 0 p 1 11 1 58400 0 0 0 0 0 0 0 0 20004 0 0 0 0 0 0 0 0 0 0 0 0 0 0 0 0 0 0 0 0 0 0 0 0 0 0 0 0 0 0 0 0 0 0 0 42000 4200 0 0 0 0 0 0 0 0 0 0 0 0 0 0 0 0 0 0 
40 11 0 p 1 11 1 58002 0 0 0 0 0 0 0 0 0 0 0 0 0 0 0 0 0 0 0 0 0 0 0 0 0 0 0 0 0 20004 0 0 0 0 0 0 0 0 0 0 0 0 0 0 0 4200 0 0 0 0 0 0 0 0 0 0 840 0 0 0 0 0 0 0 
40 11 0 p 1 11 1 58002 0 0 0 0 0 0 0 0 0 0 0 0 0 0 0 0 0 0 0 0 401 0 0 0 0 0 0 0 0 0 0 0 0 0 0 0 0 0 0 0 0 0 0 0 0 4200 0 0 0 0 0 0 0 0 0 0 10040 0 0 0 0 0 0 0 
40 11 0 p 1 11 1 58040 0 0 0 0 0 0 0 0 0 0 0 0 0 0 0 0 0 0 0 0 0 0 0 0 0 0 0 0 0 0 0 0 0 0 0 0 0 0 0 0 0 0 0 0 0 4200 0 0 0 0 0 0 0 0 0 0 200040 80010 0 0 0 0 0 0 
40 11 0 p 1 11 1 58002 0 0 0 0 0 0 0 0 0 0 0 0 0 0 0 0 0 0 0 0 0 1004000 0 0 0 0 0 0 0 0 0 0 0 0 0 0 0 0 0 0 0 0 0 0 802000 4200 0 0 0 0 0 0 0 0 0 0 0 0 0 0 0 0 0 0 
40 11 0 p 1 11 1 858000 0 0 0 0 0 0 0 0 0 0 0 0 0 0 0 0 0 0 0 0 0 0 21 0 0 0 0 0 0 0 0 0 0 0 0 0 0 0 0 0 0 0 0 0 0 4200 0 0 0 0 80010 0 0 0 0 0 0 0 0 0 0 0 0 0 
40 11 0 p 1 11 1 258000 0 0 0 0 0 0 0 0 0 0 0 0 0 0 0 0 0 0 0 0 0 0 0 0 0 0 0 0 0 108 0 0 0 0 0 0 0 0 0 0 0 0 0 0 0 4200 0 0 0 0 1000010 0 0 0 0 0 0 0 0 0 0 0 0 0 
40 11 0 p 1 11 1 d0002 0 0 0 0 0 0 0 0 0 0 0 0 0 0 0 0 0 0 0 0 0 0 0 0 0 0 0 0 0 20080 0 0 0 0 0 0 0 0 0 0 0 0 0 0 0 4200 0 0 0 0 0 0 0 0 0 0 0 0 0 0 0 0 210000 0 
40 11 0 p 1 11 1 d0002 0 0 0 0 0 0 0 0 0 0 0 0 0 0 0 0 0 0 0 0 8400 0 0 0 0 0 0 0 0 0 0 0 401000 0 0 0 0 0 0 0 0 0 0 0 0 4200 0 0 0 0 0 0 0 0 0 0 0 0 0 0 0 0 0 0 
40 f 0 p 1 f 1 52004 0 0 0 0 0 0 0 0 0 0 0 0 0 0 0 0 0 0 108000 0 0 0 0 0 0 0 0 0 0 0 0 0 0 0 0 0 0 0 0 0 0 0 0 0 0 4200 0 0 0 0 0 0 0 0 0 0 0 0 0 0 0 0 0 0 
40 12 0 p 1 12 1 1070000 0 0 0 0 0 0 0 0 0 0 0 0 0 0 0 0 0 0 0 0 0 0 0 0 0 0 0 0 0 0 0 0 0 802 0 0 0 0 0 0 0 0 40100 0 0 4200 0 0 0 0 0 0 0 0 0 0 0 0 0 0 0 0 0 0 
40 e 0 p 1 e 1 70008 0 0 0 0 0 0 0 0 0 0 0 0 0 0 0 0 0 0 0 0 0 0 0 0 0 0 0 0 0 0 0 0 0 200002 0 0 0 0 0 0 0 0 0 0 0 4200 0 0 0 0 0 0 0 0 0 0 0 0 0 0 0 0 0 0 
40 11 0 p 1 11 1 d0008 0 0 0 0 0 0 0 0 0 0 0 0 0 0 0 0 0 0 0 0 0 0 0 0 0 0 0 0 2008 0 0 0 0 0 80010 0 0 0 0 0 0 0 0 0 0 4200 0 0 0 0 0 0 0 0 0 0 0 0 0 0 0 0 0 0 
40 11 0 p 1 11 1 d0008 0 0 0 0 0 0 0 0 0 0 0 0 0 0 0 0 0 0 0 0 0 0 0 0 0 0 0 0 0 0 0 0 0 0 80200 100020 0 0 0 0 0 0 0 0 0 4200 0 0 0 0 0 0 0 0 0 0 0 0 0 0 0 0 0 0 
40 d 0 p 1 d 1 d0100 0 0 0 0 0 0 0 0 0 0 0 0 0 0 0 0 0 0 0 0 0 0 0 0 0 0 0 0 0 0 0 0 0 0 0 0 0 0 0 0 0 0 0 0 0 4200 0 0 0 0 0 0 0 0 0 0 0 0 0 0 0 0 200002 0 
40 11 0 p 1 11 1 d2000 0 0 0 0 0 4010 0 0 0 0 0 0 0 0 0 0 0 0 0 0 0 0 0 0 0 0 0 0 800008 0 0 0 0 0 0 0 0 0 0 0 0 0 0 0 0 4200 0 0 0 0 0 0 0 0 0 0 0 0 0 0 0 0 0 0 
40 12 0 p 1 12 1 1210000 0 0 0 0 800100 0 0 0 0 0 0 0 0 0 0 0 0 0 0 0 0 0 0 0 0 0 0 0 0 0 0 0 0 21800 0 0 0 0 0 0 0 0 40100 0 0 0 0 0 0 0 0 0 0 0 0 0 0 0 0 0 0 0 0 0 
40 f 0 p 1 f 1 200009 0 0 1080 0 0 0 0 0 0 0 0 0 0 0 0 0 0 0 0 0 0 0 0 0 0 0 0 0 0 0 0 0 0 281000 0 0 0 0 0 0 0 0 0 0 0 0 0 0 0 0 0 0 0 0 0 0 0 0 0 0 0 0 0 0 
40 10 0 p 1 10 1 200408 0 0 0 0 0 0 0 0 0 0 0 0 0 0 0 0 0 0 0 0 0 0 0 0 0 0 0 0 0 0 0 0 0 201200 0 0 0 0 0 0 0 0 802 0 0 0 0 0 0 0 0 0 0 0 0 0 0 0 0 0 0 0 0 0 
40 f 0 p 1 f 1 202008 0 0 0 0 0 0 0 0 0 0 0 42 0 0 0 0 0 0 0 0 0 0 0 0 0 0 0 0 0 0 0 0 0 1201000 0 0 0 0 0 0 0 0 0 0 0 0 0 0 0 0 0 0 0 0 0 0 0 0 0 0 0 0 0 0 
40 10 0 p 1 10 1 240008 0 0 0 0 0 0 0 0 0 0 0 0 0 0 0 0 0 0 0 0 0 0 0 0 0 0 0 0 0 0 0 0 0 201010 0 0 0 0 0 0 0 0 0 0 0 0 108000 0 0 0 0 0 0 0 0 0 0 0 0 0 0 0 0 0 
40 f 0 p 1 f 1 281000 0 0 0 0 0 0 0 0 0 0 0 0 0 0 0 0 0 0 0 0 0 0 0 0 0 0 0 0 0 200009 0 0 1080 0 0 0 0 0 0 0 0 0 0 0 0 0 0 0 0 0 0 0 0 0 0 0 0 0 0 0 0 0 0 0 
40 10 0 p 1 10 1 201200 0 0 0 0 0 0 0 0 802 0 0 0 0 0 0 0 0 0 0 0 0 0 0 0 0 0 0 0 0 200408 0 0 0 0 0 0 0 0 0 0 0 0 0 0 0 0 0 0 0 0 0 0 0 0 0 0 0 0 0 0 0 0 0 0 
40 f 0 p 1 f 1 1201000 0 0 0 0 0 0 0 0 0 0 0 0 0 0 0 0 0 0 0 0 0 0 0 0 0 0 0 0 0 202008 0 0 0 0 0 0 0 0 0 0 0 42 0 0 0 0 0 0 0 0 0 0 0 0 0 0 0 0 0 0 0 0 0 0 
40 10 0 p 1 10 1 201010 0 0 0 0 0 0 0 0 0 0 0 0 108000 0 0 0 0 0 0 0 0 0 0 0 0 0 0 0 0 240008 0 0 0 0 0 0 0 0 0 0 0 0 0 0 0 0 0 0 0 0 0 0 0 0 0 0 0 0 0 0 0 0 0 0 
40 12 0 p 1 12 1 30004 0 0 0 0 0 0 0 0 0 0 0 0 0 0 0 0 0 0 0 0 0 0 0 0 0 0 0 100001 0 0 0 0 0 0 0 42800 0 0 0 0 0 0 0 0 0 0 0 0 0 0 0 0 0 0 8400 0 0 0 0 0 0 0 0 0 
40 11 0 p 1 11 1 3404 0 0 21 0 0 0 0 0 0 0 0 0 0 0 0 0 0 0 108000 0 0 0 0 0 0 0 0 0 0 0 0 0 0 0 0 0 0 0 0 0 0 0 0 800100 0 0 0 0 0 0 0 0 0 0 0 0 0 0 0 0 0 0 0 0 
40 f 0 p 1 f 1 2200c 0 0 0 0 0 0 0 0 0 0 0 0 0 0 0 0 0 0 108000 0 0 0 0 0 0 0 0 0 0 0 0 0 0 200002 0 0 0 0 0 0 0 0 0 0 0 0 0 0 0 0 0 0 0 0 0 0 0 0 0 0 0 0 0 0 
40 12 0 p 1 12 1 1100080 0 0 0 0 0 0 0 0 0 0 0 0 0 0 0 0 40100 0 0 0 0 0 0 0 0 0 0 0 0 0 0 0 0 0 0 0 0 1810000 0 0 0 0 800100 0 0 0 0 0 0 0 0 0 0 0 0 0 0 0 0 0 0 0 0 0 
40 12 0 p 1 12 1 85 0 0 0 0 0 0 0 0 0 0 0 0 0 0 54000 0 0 4200 0 0 0 0 0 0 0 0 0 0 0 0 0 0 0 0 0 0 0 0 0 0 0 0 0 0 0 0 0 0 0 0 0 0 0 0 0 0 0 0 0 0 4200 0 0 0 
40 12 0 p 1 12 1 801400 0 0 0 0 0 0 0 0 0 0 0 0 0 0 0 0 0 0 0 0 0 0 100001 0 0 0 0 0 0 0 82800 0 0 0 0 0 0 0 0 0 0 0 42 0 0 0 0 0 0 0 0 0 0 0 0 0 0 0 0 0 0 0 0 0 
40 e 0 p 1 e 1 3001 0 0 0 0 0 0 0 0 0 0 0 0 0 0 0 0 0 4010 0 0 0 0 0 0 0 0 0 0 0 0 488000 0 0 0 0 0 0 0 0 0 0 0 0 0 0 0 0 0 0 0 0 0 0 0 0 0 0 0 0 0 0 0 0 0 
40 f 0 p 1 f 1 3020 0 0 0 0 0 0 0 0 0 0 0 0 0 0 0 0 0 0 0 0 0 0 0 0 0 0 0 0 0 0 480002 0 0 0 0 0 0 0 0 0 0 0 0 0 0 0 0 0 0 0 0 0 0 0 0 0 0 0 0 0 21000 0 0 0 
40 f 0 p 1 f 1 43000 0 0 0 0 0 0 0 0 0 0 0 0 0 0 0 0 0 0 0 0 0 0 0 0 0 0 0 1004 0 0 480020 0 0 0 0 0 0 0 0 0 0 0 0 0 0 0 0 0 0 0 0 0 0 0 0 0 0 0 0 0 0 0 0 0 
40 f 0 p 1 f 1 3008 0 0 0 1004 0 0 0 0 0 0 0 0 0 0 0 0 0 0 0 0 0 0 0 0 0 0 0 0 0 0 480800 0 0 0 0 0 0 0 0 0 0 0 0 0 0 0 0 0 0 0 0 0 0 0 0 0 0 0 0 0 0 0 0 0 
40 f 0 p 1 f 1 803000 0 0 0 0 0 0 0 0 0 0 0 0 0 0 0 0 0 0 0 0 0 0 100001 0 0 0 0 0 0 0 480800 0 0 0 0 0 0 0 0 0 0 0 0 0 0 0 0 0 0 0 0 0 0 0 0 0 0 0 0 0 0 0 0 0 
40 12 0 p 1 12 1 21800 0 0 0 0 0 0 0 0 840000 0 0 0 0 0 0 0 0 0 0 0 0 0 0 0 0 0 0 0 0 210000 0 0 0 0 800180 0 0 0 0 0 0 0 0 0 0 0 0 0 0 0 0 0 0 0 0 0 0 0 0 0 0 0 0 0 
40 10 0 p 1 10 1 20408 0 0 0 0 0 0 0 0 0 0 0 0 0 0 0 0 0 0 0 0 0 0 0 0 0 0 0 0 0 0 0 0 0 0 80900 0 0 0 0 0 0 0 0 40100 0 0 0 0 0 0 0 0 0 0 0 0 0 0 0 0 0 0 0 0 
40 11 0 p 1 11 1 2000d 0 0 400080 0 0 0 0 0 0 0 0 0 0 0 0 0 0 0 0 0 0 0 0 0 0 0 0 0 0 0 0 0 0 200002 0 42000 0 0 0 0 0 0 0 0 0 0 0 0 0 0 0 0 0 0 0 0 0 0 0 0 0 0 0 0 
40 12 0 p 1 12 1 50100 0 0 4200 0 0 0 0 0 0 0 0 0 0 0 0 0 0 0 0 0 1050000 0 0 0 0 0 0 0 0 0 0 0 0 0 0 0 0 0 0 0 0 0 0 0 0 4200 0 0 0 0 0 0 0 0 0 0 0 0 0 0 0 0 0 0 
40 11 0 p 1 11 1 d0100 0 0 0 0 0 0 0 0 0 0 0 0 0 0 0 0 0 0 0 0 0 0 0 0 0 0 0 21 0 0 0 0 0 0 0 0 0 0 0 0 0 0 0 0 0 0 0 0 0 0 0 0 0 0 200800 0 0 0 0 0 0 0 200002 0 
40 12 0 p 1 12 1 52000 0 0 0 0 0 58 0 0 0 0 0 0 8020 0 0 0 0 0 0 0 0 0 0 0 0 0 0 0 0 0 0 0 0 0 0 0 0 0 0 0 0 0 0 0 0 4200 0 0 0 0 0 0 0 0 0 0 0 0 0 0 0 0 0 0 
40 12 0 p 1 12 1 60008 0 0 0 0 0 0 0 0 0 0 0 0 0 0 0 0 0 0 0 0 0 0 0 0 0 0 0 0 0 0 0 0 0 200002 0 0 0 0 0 0 0 0 0 0 200002 80300 0 0 0 0 0 0 0 0 0 0 0 0 0 0 0 0 0 0 
