40 c 0 p 1 c 1 401 0 0 0 0 0 0 0 0 20004 0 0 0 0 0 0 0 0 0 0 0 0 0 0 0 0 0 0 0 0 0 0 0 0 0 0 10800 0 0 0 0 0 0 0 0 0 0 0 0 0 0 0 0 0 0 0 0 0 0 0 0 0 0 0 0 
40 c 0 p 1 c 1 21 0 0 0 0 0 0 0 0 0 0 0 0 0 0 0 0 0 4200 0 0 0 0 0 0 0 0 200800 0 0 0 0 0 0 0 0 0 0 0 0 0 0 0 0 0 0 0 0 0 0 0 0 0 0 0 0 0 0 0 0 0 0 0 0 0 
40 c 0 p 1 c 1 10800 0 0 0 0 0 0 0 0 42000 0 0 0 0 0 0 0 0 0 0 0 0 0 0 0 0 0 0 8001 0 0 0 0 0 0 0 0 0 0 0 0 0 0 0 0 0 0 0 0 0 0 0 0 0 0 0 0 0 0 0 0 0 0 0 0 
40 c 0 p 1 c 1 400080 0 0 0 0 0 0 0 0 0 0 0 0 0 0 4200 0 0 0 0 0 0 0 0 0 0 0 0 0 0 0 0 0 42000 0 0 0 0 0 0 0 0 0 0 0 0 0 0 0 0 0 0 0 0 0 0 0 0 0 0 0 0 0 0 0 
40 c 0 p 1 c 1 2008 0 0 0 0 0 210 100020 0 0 0 0 0 0 0 0 0 0 0 0 0 0 0 0 0 0 0 0 0 0 0 0 0 0 0 0 0 0 0 0 0 0 0 0 0 0 0 0 0 0 0 0 0 0 0 0 0 0 0 0 0 0 0 0 0 
40 c 0 p 1 c 1 42000 0 0 0 0 0 0 0 0 0 0 0 0 0 0 0 0 0 0 8400 0 0 0 0 0 0 0 0 20004 0 0 0 0 0 0 0 0 0 0 0 0 0 0 0 0 0 0 0 0 0 0 0 0 0 0 0 0 0 0 0 0 0 0 0 0 
40 10 0 p 1 10 1 8001 0 0 0 0 0 0 0 0 21 0 0 400080 0 0 0 0 0 0 0 0 0 0 0 0 0 0 0 0 0 0 0 0 0 0 0 210000 0 0 0 0 0 0 0 0 0 0 0 0 0 0 0 0 0 0 0 0 0 0 0 0 0 0 0 0 
40 10 0 p 1 10 1 401 1004000 0 0 0 0 0 0 0 0 0 0 0 0 0 0 0 0 0 0 0 0 0 0 802000 0 0 0 0 0 0 0 0 0 0 0 10040 0 0 0 0 0 0 0 0 0 0 0 0 0 0 0 0 0 0 0 0 0 0 0 0 0 0 0 0 
40 10 0 p 1 10 1 8001 0 0 0 0 0 0 0 0 0 0 0 400004 0 0 0 0 0 0 0 0 0 0 0 0 0 0 0 0 0 210 0 0 0 0 0 10040 0 0 0 0 0 0 0 0 0 0 0 0 0 0 0 0 0 0 0 0 0 0 0 0 0 0 0 0 
40 10 0 p 1 10 1 100001 0 0 0 0 0 0 0 802 0 0 0 0 0 0 0 0 0 0 0 0 0 0 0 0 0 0 0 0 0 1000010 0 0 0 0 0 10040 0 0 0 0 0 0 0 0 0 0 0 0 0 0 0 0 0 0 0 0 0 0 0 0 0 0 0 0 
40 10 0 p 1 10 1 8001 0 0 0 0 0 0 0 0 0 0 0 400080 0 0 0 0 0 0 0 0 0 0 0 0 0 0 4200 0 0 0 0 0 0 0 0 10800 0 0 0 0 0 0 0 0 0 0 0 0 0 0 0 0 0 0 0 0 0 0 0 0 0 0 0 0 
40 10 0 p 1 10 1 21 0 0 20080 0 0 0 0 0 0 0 0 0 0 0 0 0 0 0 0 0 0 0 0 0 0 0 0 80200 0 0 0 0 0 0 0 0 802 0 0 0 0 0 0 0 0 0 0 0 0 0 0 0 0 0 0 0 0 0 0 0 0 0 0 0 
40 10 0 p 1 10 1 21 0 0 400080 0 0 0 0 0 0 0 0 0 0 0 0 0 0 0 0 0 0 0 0 0 0 0 200800 0 0 0 0 0 0 0 0 42000 0 0 0 0 0 0 0 0 0 0 0 0 0 0 0 0 0 0 0 0 0 0 0 0 0 0 0 0 
40 10 0 p 1 10 1 21 0 0 84 0 0 0 0 0 0 0 0 0 0 0 0 0 0 0 0 0 210 0 0 0 0 0 200040 0 0 0 0 0 0 0 0 0 0 0 0 0 0 0 0 0 0 0 0 0 0 0 0 0 0 0 0 0 0 0 0 0 0 0 0 0 
40 10 0 p 1 10 1 100001 0 0 0 0 0 0 0 0 0 0 0 0 0 0 0 0 42000 0 0 0 0 0 210 0 0 0 0 0 0 0 0 0 0 0 0 0 0 0 0 0 840000 0 0 0 0 0 0 0 0 0 0 0 0 0 0 0 0 0 0 0 0 0 0 0 
40 10 0 p 1 10 1 100001 0 0 0 0 0 0 0 0 0 0 0 0 0 0 0 0 40008 0 0 0 0 0 0 100020 0 0 0 0 0 0 0 0 0 0 0 0 0 0 0 0 840000 0 0 0 0 0 0 0 0 0 0 0 0 0 0 0 0 0 0 0 0 0 0 0 
40 10 0 p 1 10 1 401 1000010 0 0 0 0 0 0 0 0 0 0 0 0 0 0 0 0 1004000 0 0 0 0 0 0 0 420000 0 0 0 0 0 0 0 0 0 0 0 0 0 0 0 0 0 0 0 0 0 0 0 0 0 0 0 0 0 0 0 0 0 0 0 0 0 0 
40 10 0 p 1 10 1 8001 0 0 0 0 0 0 0 0 0 0 0 400004 0 0 0 0 0 4010 0 0 0 0 0 0 0 0 0 0 0 0 108000 0 0 0 0 0 0 0 0 0 0 0 0 0 0 0 0 0 0 0 0 0 0 0 0 0 0 0 0 0 0 0 0 0 
40 10 0 p 1 10 1 100020 0 0 0 0 0 0 0 200800 84000 0 0 0 0 0 0 0 0 0 0 0 0 0 0 0 0 0 210000 0 0 0 0 0 0 0 0 0 0 0 0 0 0 0 0 0 0 0 0 0 0 0 0 0 0 0 0 0 0 0 0 0 0 0 0 0 
40 10 0 p 1 10 1 100020 0 0 0 0 0 0 0 802 0 0 0 0 0 0 0 0 0 0 0 0 0 0 0 0 0 0 0 80200 100400 0 0 0 0 0 0 0 0 0 0 0 0 0 0 0 0 0 0 0 0 0 0 0 0 0 0 0 0 0 0 0 0 0 0 0 
40 10 0 p 1 10 1 420 0 0 0 0 0 0 0 0 0 84 0 0 0 0 0 0 0 0 0 0 0 0 0 0 0 0 0 80200 0 0 0 0 0 0 0 0 0 0 0 0 0 0 10002 0 0 0 0 0 0 0 0 0 0 0 0 0 0 0 0 0 0 0 0 0 
40 10 0 p 1 10 1 8020 0 0 0 0 0 0 0 0 0 20004 0 0 0 0 0 0 0 0 0 0 0 0 0 0 0 0 0 80200 0 0 0 0 0 0 0 0 0 0 0 0 0 0 0 0 2100 0 0 0 0 0 0 0 0 0 0 0 0 0 0 0 0 0 0 0 
40 10 0 p 1 10 1 8020 0 0 0 0 0 0 0 0 0 0 0 420000 0 0 0 0 0 0 0 0 0 0 0 0 0 0 0 84000 0 0 0 0 0 0 0 0 0 0 0 0 0 0 0 0 0 10002 0 0 0 0 0 0 0 0 0 0 0 0 0 0 0 0 0 0 
40 10 0 p 1 10 1 8400 0 0 0 0 0 0 0 0 20004 0 0 400080 0 0 0 0 0 0 0 0 0 0 0 0 0 0 4200 0 0 0 0 0 0 0 0 0 0 0 0 0 0 0 0 0 0 0 0 0 0 0 0 0 0 0 0 0 0 0 0 0 0 0 0 0 
40 10 0 p 1 10 1 100400 1080000 0 0 0 0 0 0 0 0 0 0 0 0 0 0 0 40100 0 0 0 0 0 0 0 0 0 0 0 0 0 0 0 0 0 0 0 420 0 0 0 0 0 0 0 0 0 0 0 0 0 0 0 0 0 0 0 0 0 0 0 0 0 0 0 
40 10 0 p 1 10 1 108000 0 0 0 0 0 0 0 802 0 0 0 400004 0 0 0 0 0 0 0 0 0 0 0 0 0 0 0 0 0 1000200 0 0 0 0 0 0 0 0 0 0 0 0 0 0 0 0 0 0 0 0 0 0 0 0 0 0 0 0 0 0 0 0 0 0 
40 10 0 p 1 10 1 10002 0 40100 0 0 0 0 0 0 0 0 0 0 0 0 0 0 0 0 0 0 0 0 0 0 0 0 0 0 0 20004 20080 0 0 0 0 0 0 0 0 0 0 0 0 0 0 0 0 0 0 0 0 0 0 0 0 0 0 0 0 0 0 0 0 0 
40 10 0 p 1 10 1 200002 2100 0 0 0 0 0 4010 0 0 0 0 0 0 0 0 0 0 0 0 0 0 0 0 0 0 0 0 0 0 800008 0 0 0 0 0 0 0 0 0 0 0 0 0 0 0 0 0 0 0 0 0 0 0 0 0 0 0 0 0 0 0 0 0 0 
40 10 0 p 1 10 1 10002 800100 0 0 0 802000 0 0 0 0 0 0 0 0 0 0 0 0 0 0 0 0 0 0 8001 0 0 0 0 0 0 0 0 0 0 0 0 0 0 0 0 0 0 0 0 0 0 0 0 0 0 0 0 0 0 0 0 0 0 0 0 0 0 0 0 
40 10 0 p 1 10 1 802 0 0 0 0 0 0 0 0 42000 0 0 0 0 0 0 0 0 0 0 0 200040 1080000 0 0 0 0 0 0 0 0 0 0 0 0 0 0 0 0 0 0 0 0 0 0 0 0 0 0 0 0 0 0 0 0 0 0 0 0 0 0 0 0 0 0 
40 10 0 p 1 10 1 10002 0 0 0 0 0 0 0 0 0 0 0 0 0 0 0 0 0 0 0 0 200040 1080000 0 0 0 0 0 8001 0 0 0 0 0 0 0 0 0 0 0 0 0 0 0 0 0 0 0 0 0 0 0 0 0 0 0 0 0 0 0 0 0 0 0 0 
40 10 0 p 1 10 1 200002 0 0 0 0 0 0 0 0 0 0 0 0 0 0 0 0 0 0 0 0 200800 1080000 0 0 0 0 0 0 0 40008 0 0 0 0 0 0 0 0 0 0 0 0 0 0 0 0 0 0 0 0 0 0 0 0 0 0 0 0 0 0 0 0 0 0 
40 10 0 p 1 10 1 10002 0 0 0 0 840000 0 0 0 0 0 0 0 0 0 0 0 0 0 0 0 8400 0 0 0 0 0 0 0 0 0 0 0 400004 0 0 0 0 0 0 0 0 0 0 0 0 0 0 0 0 0 0 0 0 0 0 0 0 0 0 0 0 0 0 0 
40 10 0 p 1 10 1 10002 0 2100 0 0 0 0 0 0 0 0 0 0 0 0 0 0 0 0 0 0 8400 0 0 0 0 0 0 0 0 0 20080 0 0 0 0 0 0 0 0 0 0 0 0 0 0 0 0 0 0 0 0 0 0 0 0 0 0 0 0 0 0 0 0 0 
40 10 0 p 1 10 1 42 0 0 0 0 0 0 8400 1000010 0 0 0 0 0 0 0 0 0 0 0 0 8400 0 0 0 0 0 0 0 0 0 0 0 0 0 0 0 0 0 0 0 0 0 0 0 0 0 0 0 0 0 0 0 0 0 0 0 0 0 0 0 0 0 0 0 
40 10 0 p 1 10 1 200002 0 0 0 0 0 0 0 0 0 0 0 0 0 0 0 0 0 0 0 0 100400 0 0 0 0 0 0 0 802 108 0 0 0 0 0 0 0 0 0 0 0 0 0 0 0 0 0 0 0 0 0 0 0 0 0 0 0 0 0 0 0 0 0 0 
40 10 0 p 1 10 1 200002 0 0 0 0 0 0 0 0 0 0 0 0 0 800008 0 0 0 0 0 0 420 0 0 0 0 0 0 0 0 0 0 0 0 0 0 0 21 0 0 0 0 0 0 0 0 0 0 0 0 0 0 0 0 0 0 0 0 0 0 0 0 0 0 0 
40 10 0 p 1 10 1 840 0 0 0 0 0 0 0 0 40008 0 0 0 0 0 0 21 0 0 400080 0 0 0 0 0 0 0 0 0 0 0 0 0 0 0 0 0 0 0 0 0 0 0 0 0 0 0 0 0 0 0 0 0 0 0 0 0 0 0 0 0 0 0 0 0 
40 10 0 p 1 10 1 10040 0 0 0 0 802000 0 0 0 0 0 1000010 0 0 0 0 0 0 0 420000 0 0 0 0 0 0 0 0 0 0 0 0 0 0 0 0 0 0 0 0 0 0 0 0 0 0 0 0 0 0 0 0 0 0 0 0 0 0 0 0 0 0 0 0 0 
40 10 0 p 1 10 1 200040 84000 0 0 0 0 0 108000 0 0 0 0 0 0 0 0 0 0 0 0 0 0 0 0 840000 0 0 0 0 0 0 0 0 0 0 0 0 0 0 0 0 0 0 0 0 0 0 0 0 0 0 0 0 0 0 0 0 0 0 0 0 0 0 0 0 
40 10 0 p 1 10 1 10040 0 0 0 0 0 210 108000 0 0 0 0 0 0 0 0 0 0 0 0 0 0 0 0 0 0 0 0 0 0 0 400080 0 0 0 0 0 0 0 0 0 0 0 0 0 0 0 0 0 0 0 0 0 0 0 0 0 0 0 0 0 0 0 0 0 
40 10 0 p 1 10 1 200800 0 0 0 0 0 0 0 0 0 0 0 210 0 0 0 0 0 0 0 0 0 0 0 0 0 0 0 0 0 40008 0 0 0 0 0 0 400004 0 0 0 0 0 0 0 0 0 0 0 0 0 0 0 0 0 0 0 0 0 0 0 0 0 0 0 
40 10 0 p 1 10 1 10800 0 0 0 0 800100 0 0 0 0 0 0 0 0 0 0 0 0 0 0 0 0 0 0 0 8400 0 0 0 0 0 0 0 0 0 0 0 400004 0 0 0 0 0 0 0 0 0 0 0 0 0 0 0 0 0 0 0 0 0 0 0 0 0 0 0 
40 10 0 p 1 10 1 10800 0 0 0 10002 800100 0 0 0 840000 0 0 0 0 0 0 0 0 0 0 0 0 0 0 0 0 0 0 0 0 0 0 0 0 0 0 0 0 0 0 0 0 0 0 0 0 0 0 0 0 0 0 0 0 0 0 0 0 0 0 0 0 0 0 0 
40 10 0 p 1 10 1 200800 0 0 0 0 0 0 0 0 42000 0 0 0 0 0 0 0 0 0 0 0 840 0 0 0 0 0 0 0 0 40008 0 0 0 0 0 0 0 0 0 0 0 0 0 0 0 0 0 0 0 0 0 0 0 0 0 0 0 0 0 0 0 0 0 0 
40 10 0 p 1 10 1 210000 80010 0 0 0 0 0 42 0 0 0 0 0 0 0 0 0 0 0 0 0 0 0 0 0 0 0 0 401 0 0 0 0 0 0 0 0 0 0 0 0 0 0 0 0 0 0 0 0 0 0 0 0 0 0 0 0 0 0 0 0 0 0 0 0 
40 10 0 p 1 10 1 210000 0 0 0 0 0 0 0 0 0 0 0 0 0 0 0 0 0 0 0 0 840 0 0 0 0 0 0 8001 0 40008 0 0 0 0 0 0 0 0 0 0 0 0 0 0 0 0 0 0 0 0 0 0 0 0 0 0 0 0 0 0 0 0 0 0 
40 10 0 p 1 10 1 210000 1080000 0 0 0 0 0 0 0 20004 0 0 0 0 0 0 0 0 0 0 0 0 0 0 0 0 0 0 100001 0 0 0 0 0 0 0 0 0 0 0 0 0 0 0 0 0 0 0 0 0 0 0 0 0 0 0 0 0 0 0 0 0 0 0 0 
40 10 0 p 1 10 1 84 0 0 20080 0 0 0 0 0 0 0 0 0 0 0 0 0 0 4200 0 0 0 0 0 0 0 0 0 0 0 0 0 0 0 0 0 0 0 800100 0 0 0 0 0 0 0 0 0 0 0 0 0 0 0 0 0 0 0 0 0 0 0 0 0 0 
40 10 0 p 1 10 1 400004 0 0 0 0 0 0 0 0 0 0 0 0 0 0 0 0 200002 80200 0 0 0 0 0 0 0 0 0 0 0 0 0 0 0 0 0 0 0 0 1000010 0 0 0 0 0 0 0 0 0 0 0 0 0 0 0 0 0 0 0 0 0 0 0 0 0 
40 10 0 p 1 10 1 400004 0 0 0 0 0 0 0 0 0 0 0 0 0 0 0 0 0 210 0 0 0 0 0 840 0 0 0 0 0 0 0 0 42000 0 0 0 0 0 0 0 0 0 0 0 0 0 0 0 0 0 0 0 0 0 0 0 0 0 0 0 0 0 0 0 
40 10 0 p 1 10 1 84 0 0 0 0 0 0 0 0 0 0 0 0 0 0 4200 0 0 210 0 0 0 0 0 840 0 0 0 0 0 0 0 0 0 0 0 0 0 0 0 0 0 0 0 0 0 0 0 0 0 0 0 0 0 0 0 0 0 0 0 0 0 0 0 0 
40 10 0 p 1 10 1 84 0 0 0 0 0 0 0 0 0 0 0 0 0 0 0 0 0 0 100400 1000200 0 0 0 0 0 0 0 0 0 0 0 0 0 0 0 0 0 840000 0 0 0 0 0 0 0 0 0 0 0 0 0 0 0 0 0 0 0 0 0 0 0 0 0 0 
40 10 0 p 1 10 1 20004 0 0 0 0 0 80010 0 0 0 0 0 0 0 0 0 0 0 0 108000 0 0 0 0 0 0 0 0 0 0 0 0 0 0 0 108 0 0 0 0 0 0 0 0 0 0 0 0 0 0 0 0 0 0 0 0 0 0 0 0 0 0 0 0 0 
40 10 0 p 1 10 1 84 0 0 0 0 0 0 0 0 84000 0 0 0 0 0 0 0 0 0 0 0 0 0 0 0 0 0 10800 0 0 0 0 0 0 0 0 0 0 800008 0 0 0 0 0 0 0 0 0 0 0 0 0 0 0 0 0 0 0 0 0 0 0 0 0 0 
40 10 0 p 1 10 1 20004 0 0 0 0 0 0 0 0 0 0 0 0 0 0 0 0 0 0 0 0 0 0 0 0 0 0 200800 80010 0 0 0 0 0 42 0 0 0 0 0 0 0 0 0 0 0 0 0 0 0 0 0 0 0 0 0 0 0 0 0 0 0 0 0 0 
40 10 0 p 1 10 1 400080 0 0 0 0 0 0 0 0 0 0 0 0 0 0 0 0 0 0 0 0 100001 0 0 0 0 0 0 0 0 0 0 0 0 0 0 0 0 840000 4010 0 0 0 0 0 0 0 0 0 0 0 0 0 0 0 0 0 0 0 0 0 0 0 0 0 
40 10 0 p 1 10 1 420000 0 0 0 0 0 0 0 0 0 0 0 0 0 0 0 0 0 100020 0 0 0 0 0 0 0 0 0 0 0 0 0 0 0 0 40100 0 0 0 0 0 0 0 0 0 200040 0 0 0 0 0 0 0 0 0 0 0 0 0 0 0 0 0 0 0 
40 10 0 p 1 10 1 108 0 0 0 0 0 0 0 0 0 0 0 0 0 0 0 0 0 0 0 0 1000010 0 0 0 0 0 0 0 0 0 0 0 0 8400 1080000 0 0 0 0 0 0 0 0 0 0 0 0 0 0 0 0 0 0 0 0 0 0 0 0 0 0 0 0 0 
40 10 0 p 1 10 1 108 0 0 0 0 0 0 0 0 0 0 0 0 42 0 0 0 0 0 0 8400 0 0 0 0 0 0 0 0 0 0 0 0 0 0 1080000 0 0 0 0 0 0 0 0 0 0 0 0 0 0 0 0 0 0 0 0 0 0 0 0 0 0 0 0 0 
40 10 0 p 1 10 1 2008 0 0 0 0 0 4010 0 0 0 0 0 0 0 0 0 0 0 0 0 0 0 0 0 0 0 0 0 0 802000 0 0 0 0 0 80010 0 0 0 0 0 0 0 0 0 0 0 0 0 0 0 0 0 0 0 0 0 0 0 0 0 0 0 0 0 
40 10 0 p 1 10 1 800008 0 0 0 0 0 0 0 0 0 0 0 0 0 0 0 0 401 0 0 0 0 0 0 0 0 20080 0 0 0 0 0 0 0 0 84000 0 0 0 0 0 0 0 0 0 0 0 0 0 0 0 0 0 0 0 0 0 0 0 0 0 0 0 0 0 
40 10 0 p 1 10 1 108 0 0 0 0 0 0 0 0 0 0 0 0 0 0 0 0 8001 0 0 0 0 0 0 0 0 0 0 0 420000 0 0 0 0 0 84000 0 0 0 0 0 0 0 0 0 0 0 0 0 0 0 0 0 0 0 0 0 0 0 0 0 0 0 0 0 
40 10 0 p 1 10 1 2008 0 0 0 0 0 80010 0 0 0 0 0 0 0 0 0 0 0 0 0 0 0 0 0 0 0 0 0 0 0 0 0 0 0 200002 108 0 0 0 0 0 0 0 0 0 0 0 0 0 0 0 0 0 0 0 0 0 0 0 0 0 0 0 0 0 
40 10 0 p 1 10 1 108 0 0 0 0 0 0 0 0 0 0 0 0 0 0 0 0 0 0 0 0 0 0 0 0 0 100001 0 0 20080 0 0 0 0 200800 0 0 0 0 0 0 0 0 0 0 0 0 0 0 0 0 0 0 0 0 0 0 0 0 0 0 0 0 0 0 
40 10 0 p 1 10 1 108 84 0 0 0 0 0 0 0 0 0 0 0 0 0 0 0 0 0 0 100400 0 0 0 0 0 0 0 0 0 0 0 0 0 210000 0 0 0 0 0 0 0 0 0 0 0 0 0 0 0 0 0 0 0 0 0 0 0 0 0 0 0 0 0 0 
40 10 0 p 1 10 1 108 0 0 0 0 0 0 0 0 0 0 0 0 0 0 0 0 0 0 0 0 1000200 0 0 0 0 0 0 0 0 0 0 0 0 210000 0 0 0 0 840000 0 0 0 0 0 0 0 0 0 0 0 0 0 0 0 0 0 0 0 0 0 0 0 0 0 
40 10 0 p 1 10 1 2100 0 0 0 0 0 0 0 0 0 0 0 0 0 0 0 0 0 0 108000 0 1000010 0 0 0 0 0 840 0 0 0 0 0 0 0 0 0 0 0 0 0 0 0 0 0 0 0 0 0 0 0 0 0 0 0 0 0 0 0 0 0 0 0 0 0 
40 10 0 p 1 10 1 2100 0 0 0 0 0 0 0 0 0 0 0 0 0 0 0 0 0 0 0 0 1000200 100400 0 0 0 0 0 0 0 0 420000 0 0 0 0 0 0 0 0 0 0 0 0 0 0 0 0 0 0 0 0 0 0 0 0 0 0 0 0 0 0 0 0 0 
40 10 0 p 1 10 1 800100 0 0 0 0 0 0 0 0 0 0 0 0 0 0 0 0 0 0 0 8400 0 0 401 0 0 0 0 0 0 0 0 420000 0 0 0 0 0 0 0 0 0 0 0 0 0 0 0 0 0 0 0 0 0 0 0 0 0 0 0 0 0 0 0 0 
40 10 0 p 1 10 1 800100 0 0 0 0 0 0 0 0 0 0 0 0 0 0 0 0 0 0 0 401 0 0 84 0 0 0 0 0 0 0 0 0 0 0 0 0 0 0 0 0 4200 0 0 0 0 0 0 0 0 0 0 0 0 0 0 0 0 0 0 0 0 0 0 0 
40 10 0 p 1 10 1 2100 0 0 0 0 0 0 0 0 0 0 0 42 108 0 0 0 0 0 0 420 0 0 0 0 0 0 0 0 0 0 0 0 0 0 0 0 0 0 0 0 0 0 0 0 0 0 0 0 0 0 0 0 0 0 0 0 0 0 0 0 0 0 0 0 
40 10 0 p 1 10 1 800100 0 0 0 0 0 0 0 0 0 0 0 0 0 0 0 0 8400 0 0 0 0 0 0 0 0 20080 0 0 420000 0 0 0 0 0 0 0 0 0 0 0 0 0 0 0 0 0 0 0 0 0 0 0 0 0 0 0 0 0 0 0 0 0 0 0 
40 10 0 p 1 10 1 800100 0 0 800100 0 0 0 0 0 0 0 0 0 0 0 0 0 0 0 0 0 0 0 401 0 0 0 0 0 20080 0 0 0 0 0 0 0 0 0 0 0 0 0 0 0 0 0 0 0 0 0 0 0 0 0 0 0 0 0 0 0 0 0 0 0 
40 10 0 p 1 10 1 2100 0 0 840000 0 0 0 0 0 0 0 0 0 0 0 0 0 0 0 0 0 0 0 0 0 0 0 0 0 20080 0 400004 0 0 0 0 0 0 0 0 0 0 0 0 0 0 0 0 0 0 0 0 0 0 0 0 0 0 0 0 0 0 0 0 0 
40 10 0 p 1 10 1 802000 0 0 0 0 0 0 0 0 0 0 0 0 0 0 0 0 0 1000200 108000 0 0 0 0 0 0 20080 0 0 0 0 0 0 0 0 0 0 0 0 0 0 0 0 0 0 0 0 0 0 0 0 0 0 0 0 0 0 0 0 0 0 0 0 0 0 
40 10 0 p 1 10 1 42000 0 0 210 0 0 0 0 0 0 0 0 840 0 0 0 0 0 0 0 0 0 0 0 0 0 0 0 400004 0 0 0 0 0 0 0 0 0 0 0 0 0 0 0 0 0 0 0 0 0 0 0 0 0 0 0 0 0 0 0 0 0 0 0 0 
40 10 0 p 1 10 1 802000 0 0 40100 0 0 0 0 0 0 0 0 0 0 0 0 0 0 0 0 0 0 0 401 0 0 0 0 0 0 0 400004 0 0 0 0 0 0 0 0 0 0 0 0 0 0 0 0 0 0 0 0 0 0 0 0 0 0 0 0 0 0 0 0 0 
40 10 0 p 1 10 1 42000 0 800100 0 0 0 0 0 0 0 0 0 0 0 0 0 0 0 0 0 0 0 0 0 0 0 0 0 84 0 0 420000 0 0 0 0 0 0 0 0 0 0 0 0 0 0 0 0 0 0 0 0 0 0 0 0 0 0 0 0 0 0 0 0 0 
40 10 0 p 1 10 1 1000010 0 0 0 0 0 0 0 0 0 0 0 0 108000 0 0 0 0 0 0 0 0 0 0 0 0 0 0 0 0 42000 0 0 0 0 0 0 0 0 0 0 0 42 0 0 0 0 0 0 0 0 0 0 0 0 0 0 0 0 0 0 0 0 0 0 
40 10 0 p 1 10 1 4010 0 0 0 0 0 0 0 0 0 0 0 210 108000 0 0 0 0 10040 0 0 0 0 0 0 0 0 0 0 0 0 0 0 0 0 0 0 0 0 0 0 0 0 0 0 0 0 0 0 0 0 0 0 0 0 0 0 0 0 0 0 0 0 0 0 
40 10 0 p 1 10 1 210 0 0 0 0 0 0 0 0 802 0 0 0 8001 0 0 0 0 0 0 0 0 0 0 0 0 0 0 0 0 0 1004000 0 0 0 0 0 0 0 0 0 0 0 0 0 0 0 0 0 0 0 0 0 0 0 0 0 0 0 0 0 0 0 0 0 
40 10 0 p 1 10 1 4010 0 0 0 0 0 2008 0 0 0 0 0 0 8020 0 0 0 0 10040 0 0 0 0 0 0 0 0 0 0 0 0 0 0 0 0 0 0 0 0 0 0 0 0 0 0 0 0 0 0 0 0 0 0 0 0 0 0 0 0 0 0 0 0 0 0 
40 10 0 p 1 10 1 4010 0 0 0 0 0 10040 0 0 0 0 0 0 0 0 0 0 0 10040 0 0 0 0 0 0 0 0 0 0 0 0 0 0 0 0 0 0 400080 0 0 0 0 0 0 0 0 0 0 0 0 0 0 0 0 0 0 0 0 0 0 0 0 0 0 0 
40 10 0 p 1 10 1 4010 0 0 0 0 0 200040 0 0 0 0 0 0 0 0 0 0 0 0 0 0 0 0 800100 0 0 0 0 0 0 0 0 0 0 0 0 0 0 0 0 0 0 0 420 0 0 0 0 0 0 0 0 0 0 0 0 0 0 0 0 0 0 0 0 0 
40 10 0 p 1 10 1 1000010 0 0 0 0 0 42 0 20004 0 0 0 0 0 0 0 0 0 0 0 0 0 0 0 0 0 0 100400 0 0 0 0 0 0 0 0 0 0 0 0 0 0 0 0 0 0 0 0 0 0 0 0 0 0 0 0 0 0 0 0 0 0 0 0 0 
40 10 0 p 1 10 1 4010 0 0 0 0 0 0 0 0 0 0 0 0 0 0 0 0 0 10002 0 0 0 0 0 0 400080 0 0 0 0 0 0 0 0 0 0 0 0 0 0 1004000 0 0 0 0 0 0 0 0 0 0 0 0 0 0 0 0 0 0 0 0 0 0 0 0 
40 10 0 p 1 10 1 210 0 0 0 0 0 0 0 0 840 0 0 0 0 0 0 8400 0 0 0 0 0 0 0 0 420000 0 0 0 0 0 0 0 0 0 0 0 0 0 0 0 0 0 0 0 0 0 0 0 0 0 0 0 0 0 0 0 0 0 0 0 0 0 0 0 
40 10 0 p 1 10 1 4200 100001 0 0 0 0 0 0 0 0 0 0 0 0 0 0 0 0 210000 84000 0 0 0 0 0 0 0 0 0 0 0 0 0 0 0 0 0 0 0 0 0 0 0 0 0 0 0 0 0 0 0 0 0 0 0 0 0 0 0 0 0 0 0 0 0 
40 10 0 p 1 10 1 80200 100020 0 0 0 0 0 0 0 0 0 0 0 0 0 0 0 0 0 0 0 0 0 0 0 0 0 0 200002 108 0 0 0 0 0 0 0 0 0 0 0 0 0 0 0 0 0 0 0 0 0 0 0 0 0 0 0 0 0 0 0 0 0 0 0 
40 10 0 p 1 10 1 4200 100020 0 0 0 0 0 0 0 0 0 0 0 0 0 0 0 0 0 0 0 0 0 802000 0 0 0 0 0 80010 0 0 0 0 0 0 0 0 0 0 0 0 0 0 0 0 0 0 0 0 0 0 0 0 0 0 0 0 0 0 0 0 0 0 0 
40 10 0 p 1 10 1 4200 0 0 0 0 0 0 0 0 802 0 0 0 0 0 0 0 0 0 0 0 0 0 800008 0 0 0 0 0 0 420 0 0 0 0 0 0 0 0 0 0 0 0 0 0 0 0 0 0 0 0 0 0 0 0 0 0 0 0 0 0 0 0 0 0 
40 10 0 p 1 10 1 1000200 0 0 0 0 0 0 0 0 0 0 0 0 0 0 0 0 0 42000 0 0 0 0 0 4010 0 0 0 0 0 0 0 0 0 0 0 0 0 0 0 0 0 10002 0 0 0 0 0 0 0 0 0 0 0 0 0 0 0 0 0 0 0 0 0 0 
40 10 0 p 1 10 1 1004000 0 0 0 0 0 0 0 20004 0 0 0 0 0 0 0 0 0 0 0 0 0 0 802000 0 0 0 0 0 0 0 0 0 0 0 840 0 0 0 0 0 0 0 0 0 0 0 0 0 0 0 0 0 0 0 0 0 0 0 0 0 0 0 0 0 
40 10 0 p 1 10 1 1004000 0 0 0 0 0 100001 0 0 0 0 0 0 0 0 0 0 0 0 0 0 0 0 840000 0 0 0 0 0 0 0 0 0 0 0 0 0 0 0 0 0 0 10002 0 0 0 0 0 0 0 0 0 0 0 0 0 0 0 0 0 0 0 0 0 0 
40 10 0 p 1 10 1 1080000 0 0 0 0 0 0 0 20080 0 0 0 0 0 0 0 0 0 0 0 0 0 0 4010 0 0 0 0 0 0 0 0 0 0 0 0 8020 0 0 0 0 0 0 0 0 0 0 0 0 0 0 0 0 0 0 0 0 0 0 0 0 0 0 0 0 
40 10 0 p 1 10 1 1080000 0 0 0 0 0 0 0 20080 0 0 0 0 0 0 0 0 0 0 0 0 0 0 0 0 0 0 0 0 2008 0 0 0 0 0 0 0 0 0 0 0 10040 0 0 0 0 0 0 0 0 0 0 0 0 0 0 0 0 0 0 0 0 0 0 0 
40 11 0 p 1 11 1 80021 0 0 0 0 0 0 0 0 0 0 0 0 0 0 0 0 0 0 0 0 0 0 0 0 0 0 200c00 0 0 0 0 0 0 0 0 70020 0 0 0 0 0 0 0 0 0 0 0 0 0 0 0 0 0 0 0 0 0 0 0 0 0 0 0 0 
40 11 0 p 1 11 1 605 1120000 0 0 0 0 0 0 0 0 0 0 0 0 0 0 0 0 0 0 0 0 0 0 0 0 0 0 0 0 0 0 0 0 0 0 50100 0 0 0 0 0 0 0 0 0 0 0 0 0 0 0 0 0 0 0 0 0 0 0 0 0 0 0 0 
40 12 0 p 1 12 1 43 108 0 0 0 0 0 0 0 0 0 0 0 0 0 0 0 0 0 0 0 0 0 0 0 0 0 0 0 0 0 0 0 0 0 0 90002 0 0 0 0 0 0 0 0 0 0 0 0 0 0 0 0 0 0 0 0 0 1000010 0 0 0 0 0 0 
