40 e 0 p 1 e 1 60020 0 0 0 0 0 0 0 0 0 0 0 0 0 0 0 0 0 0 0 0 0 0 0 0 0 0 0 80014 0 0 0 0 0 42 0 0 0 0 0 0 0 0 0 0 0 0 0 0 0 0 0 0 0 0 0 0 0 0 0 0 0 0 0 0 
40 f 0 p 1 f 1 60020 0 0 0 0 0 0 0 0 0 0 0 0 0 0 0 0 0 0 0 0 0 0 0 0 0 0 0 80024 0 0 0 0 0 0 0 0 0 0 0 0 0 0 0 0 0 0 0 0 0 0 0 0 0 0 0 1080000 0 0 0 0 0 0 0 0 
40 10 0 p 1 10 1 40820 0 0 0 0 0 0 0 0 0 0 0 0 0 0 0 0 0 0 0 0 0 0 0 0 0 0 0 80404 0 0 0 0 0 0 0 0 20004 0 0 0 0 0 0 0 0 0 0 0 0 0 0 0 0 0 0 0 0 0 0 0 0 0 0 0 
40 f 0 p 1 f 1 40820 0 0 0 0 0 0 0 0 42000 0 0 0 0 0 0 0 0 0 0 0 0 0 0 0 0 0 0 88004 0 0 0 0 0 0 0 0 0 0 0 0 0 0 0 0 0 0 0 0 0 0 0 0 0 0 0 0 0 0 0 0 0 0 0 0 
40 e 0 p 1 e 1 400a0 0 0 0 0 0 0 0 0 0 0 0 0 0 0 4010 0 0 0 0 0 0 0 0 0 0 0 0 88004 0 0 0 0 0 0 0 0 0 0 0 0 0 0 0 0 0 0 0 0 0 0 0 0 0 0 0 0 0 0 0 0 0 0 0 0 
40 f 0 p 1 f 1 440020 0 0 0 0 0 0 0 0 0 0 0 0 0 0 0 0 0 0 0 0 0 0 0 0 0 0 0 90004 0 0 0 0 802000 0 0 0 0 0 0 0 0 0 0 0 0 0 0 0 0 0 0 0 0 0 0 0 0 0 0 0 0 0 0 0 
40 11 0 p 1 11 1 60020 0 0 0 0 0 0 0 0 0 0 0 0 0 0 0 0 0 0 0 0 0 0 0 0 0 0 0 82014 0 0 0 0 0 52 0 0 0 0 0 0 0 0 0 0 0 0 0 0 0 0 0 0 0 0 0 0 0 0 0 0 0 0 0 0 
40 11 0 p 1 11 1 60020 0 0 0 0 0 0 0 0 0 0 0 0 0 0 0 0 0 0 0 0 0 0 0 0 0 0 0 8004c 0 0 0 0 0 0 8120 0 0 0 0 0 0 0 0 0 0 0 0 0 0 0 0 0 0 0 0 0 0 0 0 0 0 0 0 0 
40 10 0 p 1 10 1 1000401 0 0 0 0 0 0 0 0 0 0 0 0 0 0 0 0 0 0 0 0 0 0 0 0 0 0 0 0 0 0 0 0 0 0 0 10040 0 0 0 0 0 0 8102 0 0 0 0 0 0 0 0 0 0 0 0 0 0 0 0 0 0 0 0 0 
40 10 0 p 1 10 1 1020400 0 0 0 0 0 0 0 0 0 0 0 0 0 0 0 0 0 0 0 0 0 0 0 0 0 0 0 0 0 0 0 0 0 802 0 0 0 0 0 0 0 0 40102 0 0 0 0 0 0 0 0 0 0 0 0 0 0 0 0 0 0 0 0 0 
40 f 0 p 1 f 1 1000404 0 0 0 0 0 0 0 0 0 0 0 0 0 0 0 0 0 0 0 0 0 0 0 0 0 0 0 0 0 0 0 0 0 0 0 40008 0 0 0 0 0 0 122 0 0 0 0 0 0 0 0 0 0 0 0 0 0 0 0 0 0 0 0 0 
40 11 0 p 1 11 1 1400400 0 0 0 0 0 0 0 0 0 0 0 0 0 0 0 0 0 0 0 0 0 0 0 0 0 0 0 0 0 0 0 0 0 0 0 0 0 0 0 0 0 0 b02 0 0 0 0 0 0 0 0 48800 0 0 0 0 0 0 0 0 0 0 0 0 
40 e 0 p 1 e 1 10c00 0 0 0 0 0 0 0 0 62000 0 0 0 0 0 0 0 0 0 0 0 0 0 0 0 0 0 0 8001 0 0 0 0 0 0 0 0 0 0 0 0 0 0 0 0 0 0 0 0 0 0 0 0 0 0 0 0 0 0 0 0 0 0 0 0 
40 12 0 p 1 12 1 200c00 0 0 0 0 0 0 0 0 60001 0 0 0 0 0 0 0 0 0 0 0 0 0 0 0 0 0 0 0 0 0 0 0 0 0 0 0 100020 0 0 0 0 0 0 0 10800 0 0 0 0 0 0 0 0 0 0 0 0 0 0 0 0 0 0 0 
40 12 0 p 1 12 1 c02 0 2008 0 0 0 0 0 0 60020 0 0 0 0 0 0 0 0 0 0 0 8400 0 0 0 0 0 0 0 0 0 0 0 0 0 0 0 0 0 0 0 0 0 0 0 0 0 0 0 0 0 0 0 0 0 0 0 0 0 0 0 0 0 0 0 
40 11 0 p 1 11 1 e40 0 0 0 0 0 0 0 0 1060800 0 0 0 0 0 0 0 0 0 0 0 0 0 0 0 0 0 0 0 0 0 0 0 0 0 0 0 0 0 0 0 0 0 0 0 0 0 0 0 0 0 0 2100 0 0 0 0 0 0 0 0 0 0 0 0 
40 11 0 p 1 11 1 10e00 0 0 0 0 0 0 0 0 62800 0 0 0 0 0 0 0 0 0 0 0 0 0 0 0 0 0 0 8001 0 0 0 0 0 0 0 0 0 0 0 0 0 0 0 0 0 0 0 0 0 0 0 0 0 0 0 0 0 0 0 0 0 0 0 0 
40 11 0 p 1 11 1 40c00 0 0 0 0 0 0 0 0 30200 0 0 0 0 0 0 0 0 0 0 0 0 0 0 0 0 0 0 0 0 0 0 0 0 0 0 0 0 0 0 0 0 0 0 0 0 0 0 0 0 0 0 0 0 0 4a04 0 0 0 0 0 0 0 0 0 
40 11 0 p 1 11 1 1100400 0 0 0 0 0 0 0 20e00 1120000 0 0 0 0 0 0 0 0 0 0 0 0 0 0 0 0 0 0 0 0 0 0 0 0 0 0 0 0 0 0 0 0 0 0 0 0 0 0 0 0 0 0 0 0 0 0 0 0 0 0 0 0 0 0 0 
40 10 0 p 1 10 1 601 0 0 0 0 0 0 0 0 20804 0 0 0 0 0 0 0 0 0 0 0 0 0 0 0 0 0 0 0 0 0 0 0 0 0 0 10800 0 0 0 0 0 0 0 0 0 0 0 0 0 0 0 0 0 0 0 0 0 0 0 0 0 0 0 0 
40 10 0 p 1 10 1 8600 0 0 0 0 0 0 0 0 20804 0 0 0 0 0 0 0 0 0 0 0 0 0 0 0 0 0 0 0 0 0 0 0 0 0 0 0 0 0 0 0 0 0 0 0 42000 0 0 0 0 0 0 0 0 0 0 0 0 0 0 0 0 0 0 0 
40 f 0 p 1 f 1 680 0 0 0 0 0 0 0 0 420800 0 0 0 0 0 0 0 0 0 0 0 0 0 0 0 0 0 0 0 0 0 0 0 0 0 0 0 0 0 0 0 0 0 0 0 0 0 0 0 0 0 0 0 0 0 0 0 0 0 0 0 8001 0 0 0 
40 c 0 p 1 c 1 200402 1080100 0 0 0 0 0 0 0 0 0 0 0 0 0 0 0 0 0 0 0 0 0 0 0 0 0 0 0 0 0 0 0 0 0 0 0 0 0 0 0 0 0 0 0 0 0 0 0 0 0 0 0 0 0 0 0 0 0 0 0 0 0 0 0 
40 11 0 p 1 11 1 200402 10d0100 0 0 0 0 0 0 0 0 0 0 0 0 0 0 0 0 0 0 0 0 0 0 0 0 0 0 0 0 0 0 0 0 0 0 0 0 0 0 0 0 0 0 0 0 0 4200 0 0 0 0 0 0 0 0 0 0 0 0 0 0 0 0 0 
40 10 0 p 1 10 1 40402 1004100 0 0 0 0 0 0 0 0 0 0 0 0 0 0 0 0 0 0 0 0 0 0 0 0 0 0 0 0 0 0 0 0 0 0 0 0 0 0 0 0 0 0 0 0 0 100001 0 0 0 0 0 0 0 0 0 0 0 0 0 0 0 0 0 
40 10 0 p 1 10 1 800402 1000110 0 0 0 0 0 0 0 0 0 0 0 0 0 0 0 0 0 0 0 0 0 0 0 0 400080 0 0 0 0 0 0 0 0 0 0 0 0 0 0 0 0 0 0 0 0 0 0 0 0 0 0 0 0 0 0 0 0 0 0 0 0 0 0 
40 f 0 p 1 f 1 2402 1000102 0 0 0 0 0 0 0 0 0 0 0 0 0 0 0 0 0 0 0 0 0 0 0 0 0 0 0 0 0 420000 0 0 0 0 0 0 0 0 0 0 0 0 0 0 0 0 0 0 0 0 0 0 0 0 0 0 0 0 0 0 0 0 0 
40 10 0 p 1 10 1 10402 1000102 0 0 0 0 0 0 0 0 0 0 0 0 0 0 0 0 0 0 0 0 0 0 0 0 0 0 0 0 0 20080 0 0 0 0 0 0 0 0 0 0 0 0 0 0 0 0 0 0 0 0 0 0 0 0 0 0 0 0 0 0 0 0 0 
40 e 0 p 1 e 1 200c00 10a0000 0 0 0 0 0 0 0 0 0 0 0 0 0 0 0 0 0 0 0 0 0 0 0 0 0 0 0 0 0 0 0 0 0 0 0 0 0 0 0 0 0 0 0 0 0 0 0 0 0 0 0 0 0 0 100400 0 0 0 0 0 0 0 0 
40 10 0 p 1 10 1 200500 1082000 0 0 0 0 0 0 0 0 0 0 0 0 0 0 0 0 0 0 8400 0 0 0 0 0 0 0 0 0 0 0 0 0 0 0 0 0 0 0 0 0 0 0 0 0 0 0 0 0 0 0 0 0 0 0 0 0 0 0 0 0 0 0 0 
40 f 0 p 1 f 1 200500 10c0000 0 0 0 0 0 0 0 0 0 0 0 0 0 0 0 0 0 0 0 0 0 0 0 0 0 0 0 20004 0 0 0 0 0 0 0 0 0 0 0 0 0 0 0 0 0 0 0 0 0 0 0 0 0 0 0 0 0 0 0 0 0 0 0 
40 10 0 p 1 10 1 200500 1080004 0 0 0 0 0 0 0 0 0 0 0 0 0 0 0 0 0 0 100400 0 0 0 0 0 0 0 0 0 0 0 0 0 0 0 0 0 0 0 0 0 0 0 0 0 0 0 0 0 0 0 0 0 0 0 0 0 0 0 0 0 0 0 0 
40 10 0 p 1 10 1 200408 1080080 0 0 0 0 0 0 0 0 0 0 0 0 0 0 0 0 0 0 0 0 0 0 0 0 0 0 0 0 0 0 0 0 210000 0 0 0 0 0 0 0 0 0 0 0 0 0 0 0 0 0 0 0 0 0 0 0 0 0 0 0 0 0 0 
40 11 0 p 1 11 1 210400 1488000 0 0 0 0 0 0 0 0 0 0 0 0 0 0 0 0 0 0 0 0 0 0 0 0 0 0 0 0 0 0 0 0 0 0 0 0 0 0 0 0 0 0 0 0 6040 0 0 0 0 0 0 0 0 0 0 0 0 0 0 0 0 0 0 
40 10 0 p 1 10 1 240400 1580000 0 0 0 0 0 0 0 0 0 0 0 0 0 0 0 0 0 0 0 0 0 0 0 0 0 0 0 0 0 0 0 0 0 0 0 0 0 0 0 0 0 0 0 0 244 0 0 0 0 0 0 0 0 0 0 0 0 0 0 0 0 0 0 
40 11 0 p 1 11 1 12600 1101000 0 0 0 0 0 0 0 0 0 0 0 0 0 0 0 0 0 0 0 0 0 0 0 0 0 0 0 0 0 600080 0 0 0 0 0 0 0 0 0 0 0 0 0 0 0 0 0 0 0 0 0 0 0 0 0 0 0 0 0 0 0 0 0 
40 11 0 p 1 11 1 200e00 11a0000 0 0 0 0 0 0 0 0 0 0 0 0 0 0 0 0 0 0 0 0 0 0 0 0 0 0 0 0 0 0 0 0 0 0 0 0 0 0 0 0 0 0 0 0 0 0 0 0 0 0 0 0 0 0 100400 0 0 0 0 0 0 0 0 
40 f 0 p 1 f 1 604 1120000 0 0 0 0 0 0 0 0 0 0 0 0 0 0 0 0 0 0 0 0 0 0 0 0 0 0 0 0 0 0 0 0 0 0 40100 0 0 0 0 0 0 0 0 0 0 0 0 0 0 0 0 0 0 0 0 0 0 0 0 0 0 0 0 
40 f 0 p 1 f 1 8600 1100400 0 0 0 0 0 0 0 0 0 0 0 0 0 0 0 0 0 0 0 0 0 0 0 0 0 0 0 0 0 0 0 0 0 0 0 0 0 0 0 0 0 0 0 2100 0 0 0 0 0 0 0 0 0 0 0 0 0 0 0 0 0 0 0 
40 f 0 p 1 f 1 20600 1100080 0 0 0 0 0 0 0 0 0 0 0 0 0 0 0 0 0 0 0 0 0 0 0 0 0 0 0 0 0 0 0 0 10002 0 0 0 0 0 0 0 0 0 0 0 0 0 0 0 0 0 0 0 0 0 0 0 0 0 0 0 0 0 0 
40 11 0 p 1 11 1 2640 1100004 0 0 0 0 0 0 0 0 0 0 0 0 0 0 0 0 0 408200 0 0 0 0 0 0 0 0 0 0 0 0 0 0 0 0 0 0 0 0 0 0 0 0 0 0 0 0 0 0 0 0 0 0 0 0 0 0 0 0 0 0 0 0 0 
40 11 0 p 1 11 1 20e00 1120000 0 0 0 0 0 0 0 0 0 0 0 0 0 0 0 0 0 0 0 0 0 0 0 0 0 0 0 0 0 0 0 0 0 0 0 0 0 0 0 0 0 0 0 0 0 0 0 0 0 0 0 0 0 0 1100400 0 0 0 0 0 0 0 0 
40 10 0 p 1 10 1 200448 1080000 0 0 0 0 0 8020 0 0 0 0 0 0 0 0 0 0 0 0 0 0 0 0 0 0 0 0 0 0 0 0 0 0 0 0 0 0 0 0 0 0 0 0 0 0 0 0 0 0 0 0 0 0 0 0 0 0 0 0 0 0 0 0 0 
40 f 0 p 1 f 1 212400 1080000 0 0 0 0 0 0 0 0 0 0 0 0 0 0 0 0 0 0 0 0 0 0 0 0 0 0 0 0 0 400080 0 0 0 0 0 0 0 0 0 0 0 0 0 0 0 0 0 0 0 0 0 0 0 0 0 0 0 0 0 0 0 0 0 
40 f 0 p 1 f 1 250400 1080000 0 0 0 0 0 0 0 0 0 0 0 0 0 0 0 0 0 0 0 0 0 0 0 0 0 0 0 0 0 0 0 0 0 0 0 0 0 0 0 0 0 0 0 0 4200 0 0 0 0 0 0 0 0 0 0 0 0 0 0 0 0 0 0 
40 10 0 p 1 10 1 220408 1080000 0 0 0 0 0 0 0 0 0 0 0 0 0 0 0 0 0 0 0 0 0 0 0 0 0 0 0 0 0 0 0 0 200002 0 0 0 0 0 0 0 0 0 0 0 0 0 0 0 0 0 0 0 0 0 0 0 0 0 0 0 0 0 0 
40 10 0 p 1 10 1 280500 1080000 0 0 0 0 0 0 0 0 0 0 0 0 0 0 0 0 0 0 0 0 0 0 0 0 0 0 0 0 0 0 0 0 0 0 0 0 0 0 0 0 0 0 0 0 0 0 0 0 0 0 0 0 0 0 0 0 0 0 0 0 0 200002 0 
40 10 0 p 1 10 1 a001 0 0 0 0 0 0 0 0 0 0 0 480040 0 0 0 0 0 0 0 0 0 0 0 0 0 0 0 0 0 0 0 0 0 0 0 0 0 0 0 0 800008 0 0 0 0 0 0 0 0 0 0 0 0 0 0 0 0 0 0 0 0 0 0 0 
40 f 0 p 1 f 1 20a000 0 0 0 0 0 0 0 0 0 0 0 400240 0 0 0 0 0 0 0 0 0 0 0 0 0 0 0 0 0 40008 0 0 0 0 0 0 0 0 0 0 0 0 0 0 0 0 0 0 0 0 0 0 0 0 0 0 0 0 0 0 0 0 0 0 
40 f 0 p 1 f 1 b000 0 0 420 0 0 0 0 0 0 0 0 420040 0 0 0 0 0 0 0 0 0 0 0 0 0 0 0 0 0 0 0 0 0 0 0 0 0 0 0 0 0 0 0 0 0 0 0 0 0 0 0 0 0 0 0 0 0 0 0 0 0 0 0 0 
40 11 0 p 1 11 1 908000 0 0 0 0 0 0 0 0 0 0 0 0 0 0 0 0 0 0 0 0 0 0 0 0 0 c4 0 0 0 0 0 0 0 0 0 0 0 0 0 0 0 0 0 0 502004 0 0 0 0 0 0 0 0 0 0 0 0 0 0 0 0 0 0 0 
40 10 0 p 1 10 1 108200 100400 0 0 0 0 0 0 0 0 0 0 0 0 0 0 0 0 0 0 0 0 0 0 0 0 0 0 0 0 0 0 0 0 0 0 0 0 0 0 0 0 0 0 0 2104 0 0 0 0 0 0 0 0 0 0 0 0 0 0 0 0 0 0 0 
40 11 0 p 1 11 1 588000 0 0 0 0 0 0 0 0 0 0 0 0 0 0 0 0 0 0 0 0 0 0 0 0 0 0 0 0 0 0 0 0 0 0 0 0 0 0 0 0 0 0 0 0 6040 0 0 0 0 0 0 0 0 0 0 0 0 0 0 0 0 0 210200 0 
40 11 0 p 1 11 1 188000 0 0 0 0 0 0 0 0 0 0 0 0 0 0 0 0 0 0 0 0 0 0 0 0 0 0 0 0 0 0 0 0 0 0 0 0 0 0 0 0 0 0 0 0 6200 0 0 0 0 0 0 0 0 0 0 0 0 0 0 0 0 0 250200 0 
40 12 0 p 1 12 1 28008 0 0 0 0 0 0 0 0 0 0 0 0 0 0 0 0 0 0 0 0 0 0 0 0 0 0 0 0 0 0 0 0 0 200002 0 0 0 0 0 0 0 0 0 0 202400 1080000 0 0 0 0 0 0 0 0 0 0 0 0 0 0 0 0 0 0 
40 f 0 p 1 f 1 408100 0 0 0 0 0 0 0 0 0 0 0 0 0 0 0 0 0 0 0 0 0 0 0 0 0 0 0 0 0 0 0 0 0 0 0 0 0 0 0 0 0 0 0 0 6040 0 0 0 0 0 0 0 0 0 0 0 0 0 0 0 0 0 10002 0 
40 f 0 p 1 f 1 408080 0 0 0 0 0 0 0 0 0 0 0 0 0 0 0 0 0 0 0 0 0 0 0 0 0 0 0 0 0 0 0 0 0 0 0 0 0 800008 0 0 0 0 0 0 2060 0 0 0 0 0 0 0 0 0 0 0 0 0 0 0 0 0 0 0 
40 f 0 p 1 f 1 c08000 0 0 0 0 0 0 0 0 0 0 0 0 0 0 0 0 0 0 0 0 0 0 0 0 0 84 0 0 0 0 0 0 0 0 0 0 0 0 0 0 0 0 0 0 102040 0 0 0 0 0 0 0 0 0 0 0 0 0 0 0 0 0 0 0 
40 f 0 p 1 f 1 408200 100400 0 0 0 0 0 0 0 0 0 0 0 0 0 0 0 0 0 0 0 0 0 0 0 0 0 0 0 0 0 0 0 0 0 0 0 0 0 0 0 0 0 0 0 2140 0 0 0 0 0 0 0 0 0 0 0 0 0 0 0 0 0 0 0 
40 e 0 p 1 e 1 488000 0 0 0 0 0 0 0 0 0 0 0 0 0 0 0 0 0 0 0 0 0 0 0 0 0 0 0 0 0 0 0 0 0 0 0 0 0 0 0 0 0 0 0 0 6040 0 0 0 0 0 0 0 0 0 0 0 0 0 0 0 0 0 210000 0 
40 10 0 p 1 10 1 488000 0 0 0 0 0 0 0 0 0 0 0 0 0 0 0 0 0 0 0 0 0 0 0 0 0 0 0 0 0 0 0 0 7200 0 0 0 0 0 0 0 0 0 0 0 0 0 0 0 0 0 50010 0 0 0 0 0 0 0 0 0 0 0 0 0 
40 f 0 p 1 f 1 1100001 0 0 0 0 0 0 0 420800 0 0 0 0 0 0 0 0 0 0 0 0 0 0 0 0 0 0 0 0 0 0 0 0 0 0 0 0 0 0 0 0 802000 0 0 0 0 0 0 0 0 0 0 0 0 0 0 0 0 0 0 0 0 0 0 0 
40 f 0 p 1 f 1 1100400 0 0 0 0 0 0 0 20804 0 0 0 0 0 0 0 0 0 0 0 0 0 0 0 0 0 0 0 0 0 0 0 0 0 0 0 0 0 0 0 0 0 0 0 40100 0 0 0 0 0 0 0 0 0 0 0 0 0 0 0 0 0 0 0 0 
40 11 0 p 1 11 1 120008 0 0 0 0 0 0 0 0 0 0 0 0 0 0 0 0 44200 0 0 0 0 0 0 0 0 0 0 0 0 0 0 0 0 0 d0100 0 0 0 0 0 0 0 0 0 0 0 0 0 0 0 0 0 0 0 0 0 0 0 0 0 0 0 0 0 
40 10 0 p 1 10 1 100102 0 0 0 0 0 0 0 0 0 0 0 0 0 0 0 0 0 0 0 0 0 0 0 0 0 0 0 0 0 420000 0 0 0 0 0 0 0 0 0 0 0 0 0 0 0 0 0 0 0 0 0 0 0 0 0 0 0 0 0 0 0 0 2202 0 
40 10 0 p 1 10 1 100102 0 0 0 0 0 0 0 0 0 0 0 0 0 0 0 0 0 0 0 0 0 0 0 0 0 0 0 0 0 20080 0 0 0 0 0 0 0 0 0 0 0 0 0 0 0 0 0 0 0 0 0 0 0 0 0 0 0 0 0 0 0 0 10202 0 
40 10 0 p 1 10 1 100900 0 0 0 0 0 0 0 0 0 0 0 0 0 0 0 0 0 0 0 0 0 0 0 0 0 0 0 0 0 0 0 0 0 0 0 0 0 0 0 0 0 0 0 0 0 0 0 0 0 0 0 0 0 0 1000200 0 0 0 0 0 0 0 20202 0 
40 f 0 p 1 f 1 100104 0 0 0 0 0 0 0 0 0 0 0 0 0 0 0 0 0 0 100400 0 0 0 0 0 0 0 0 0 0 0 0 0 0 0 0 0 0 0 0 0 0 0 0 0 0 0 0 0 0 0 0 0 0 0 0 0 0 0 0 0 0 0 302 0 
40 e 0 p 1 e 1 100180 0 0 0 0 0 0 0 0 0 0 0 0 0 0 0 0 0 0 0 0 0 0 0 0 0 0 0 0 0 0 0 0 210000 0 0 0 0 0 0 0 0 0 0 0 0 0 0 0 0 0 0 0 0 0 0 0 0 0 0 0 0 0 20a 0 
40 f 0 p 1 f 1 100180 0 0 0 0 0 0 0 0 0 0 0 0 0 0 0 0 0 0 0 0 0 0 0 0 0 0 0 0 0 0 0 0 10002 0 0 0 0 0 0 0 0 0 0 0 0 0 0 0 0 0 0 0 0 0 0 0 0 0 0 0 0 0 20202 0 
40 10 0 p 1 10 1 120100 0 0 0 0 0 0 0 0 0 0 0 0 0 0 0 0 0 0 0 0 0 0 0 0 0 0 0 0 0 0 0 0 0 0 0 0 0 0 0 0 0 0 0 0 0 0 0 0 0 0 0 0 0 0 100400 0 0 0 0 0 0 0 a02 0 
40 11 0 p 1 11 1 1d0100 0 0 0 0 0 0 0 0 0 0 0 0 0 0 0 0 0 0 0 0 0 0 0 0 0 0 0 0 0 0 0 0 0 0 0 0 0 0 0 0 0 0 0 0 0 4200 0 0 0 0 0 0 0 0 0 0 0 0 0 0 0 0 200202 0 
40 f 0 p 1 f 1 120100 0 0 0 0 0 0 0 0 0 0 0 0 0 0 0 0 0 0 0 0 0 0 0 0 0 0 0 0 0 0 0 0 0 0 40100 0 0 0 0 0 0 0 0 0 0 0 0 0 0 0 0 0 0 0 0 0 0 0 0 0 0 0 206 0 
40 f 0 p 1 f 1 180004 0 0 0 0 0 0 0 0 0 0 0 0 0 0 0 0 0 0 100400 0 0 0 0 0 0 0 0 0 0 0 0 0 0 0 0 0 0 0 0 0 0 0 0 0 0 0 0 0 0 0 0 0 0 0 0 0 0 0 0 0 0 0 200300 0 
40 10 0 p 1 10 1 180080 0 0 0 0 0 0 0 0 0 0 0 0 0 0 0 0 0 0 0 0 0 0 0 0 0 0 0 0 0 0 0 0 210000 0 0 0 0 0 0 0 0 0 0 0 0 0 0 0 0 0 0 0 0 0 0 0 0 0 0 0 0 0 200208 0 
40 10 0 p 1 10 1 180080 0 0 0 0 0 0 0 0 0 0 0 0 0 0 0 0 0 0 0 0 0 0 0 0 0 0 0 0 0 0 0 0 10002 0 0 0 0 0 0 0 0 0 0 0 0 0 0 0 0 0 0 0 0 0 0 0 0 0 0 0 0 0 220200 0 
40 f 0 p 1 f 1 1a0000 0 0 0 0 0 0 0 0 0 0 0 0 0 0 0 0 0 0 0 0 0 0 0 0 0 0 0 0 0 0 0 0 0 0 0 0 0 0 0 0 0 0 0 0 0 0 0 0 0 0 0 0 0 0 100400 0 0 0 0 0 0 0 200a00 0 
40 f 0 p 1 f 1 1a0000 0 0 0 0 0 0 0 0 0 0 0 0 0 0 0 0 0 0 0 0 0 0 0 0 0 0 0 0 0 0 0 0 0 0 40100 0 0 0 0 0 0 0 0 0 0 0 0 0 0 0 0 0 0 0 0 0 0 0 0 0 0 0 200204 0 
40 10 0 p 1 10 1 208002 0 0 0 0 0 0 0 0 0 0 0 0 0 0 0 0 0 0 0 0 0 0 0 0 0 0 0 0 0 20108 0 0 0 0 0 0 0 0 0 0 0 0 0 0 0 0 0 0 0 0 1000010 0 0 0 0 0 0 0 0 0 0 0 0 0 
40 10 0 p 1 10 1 208002 0 0 0 0 0 0 0 0 0 0 0 0 0 0 0 0 0 0 0 0 0 0 0 0 0 0 0 0 0 20028 0 0 0 0 0 0 0 0 0 0 0 0 0 0 0 0 0 0 0 0 0 0 0 0 0 0 200040 0 0 0 0 0 0 0 
40 10 0 p 1 10 1 204002 0 0 0 0 0 0 0 0 0 0 0 0 0 0 0 0 0 0 0 0 0 0 800008 0 0 0 0 0 0 20028 0 0 0 0 0 0 0 0 0 0 0 0 0 0 0 0 0 0 0 0 0 0 0 0 0 0 0 0 0 0 0 0 0 0 
40 10 0 p 1 10 1 200202 0 0 0 0 0 0 0 0 802 0 0 0 0 0 0 0 0 0 0 0 0 0 0 0 0 0 0 0 0 20408 0 0 0 0 0 0 0 0 0 0 0 0 0 0 0 0 0 0 0 0 0 0 0 0 0 0 0 0 0 0 0 0 0 0 
40 f 0 p 1 f 1 1200002 0 0 0 0 0 0 0 0 0 0 0 0 0 0 0 0 0 0 0 0 0 0 0 0 0 0 0 0 0 22008 0 0 0 0 0 0 0 0 0 0 0 42 0 0 0 0 0 0 0 0 0 0 0 0 0 0 0 0 0 0 0 0 0 0 
40 e 0 p 1 e 1 200012 0 0 0 0 0 0 0 0 0 0 0 0 108000 0 0 0 0 0 0 0 0 0 0 0 0 0 0 0 0 60008 0 0 0 0 0 0 0 0 0 0 0 0 0 0 0 0 0 0 0 0 0 0 0 0 0 0 0 0 0 0 0 0 0 0 
40 11 0 p 1 11 1 10240 0 0 0 0 0 0 0 0 0 0 0 0 0 0 0 0 0 0 0 0 0 0 0 0 0 0 0 0 0 0 0 0 0 0 0 0 0 0 0 0 0 0 0 0 0 6014 0 0 0 0 0 2050 0 0 0 0 0 0 0 0 0 0 0 0 
40 11 0 p 1 11 1 2050 0 0 0 0 0 0 0 0 0 0 0 10240 0 0 0 0 0 0 0 0 0 0 0 0 0 0 0 0 0 0 0 0 0 0 0 0 0 0 0 0 0 0 0 0 0 0 0 0 0 0 0 0 0 0 0 0 0 6014 0 0 0 0 0 0 
40 f 0 p 1 f 1 2050 0 0 0 0 0 0 0 0 0 0 0 10040 0 0 0 0 0 0 0 0 0 0 0 0 0 0 0 0 0 0 0 0 0 0 0 0 0 0 0 0 0 0 0 0 0 0 0 0 0 0 0 0 0 0 0 0 0 6010 0 0 0 0 0 0 
40 f 0 p 1 f 1 10050 0 0 0 0 0 0 0 0 0 0 0 0 0 0 0 0 0 0 0 0 0 0 0 0 0 0 0 0 0 0 84 0 0 0 0 0 0 0 0 0 0 0 0 0 0 0 0 0 0 0 0 0 0 0 0 0 0 2810 0 0 0 0 0 0 
40 f 0 p 1 f 1 2050 0 0 0 0 0 0 0 0 0 0 0 0 0 0 0 0 0 0 0 0 0 0 0 0 0 0 0 0 0 0 400004 0 0 0 0 0 0 0 0 0 0 0 0 0 0 0 0 0 0 0 0 0 0 0 0 0 0 2810 0 0 0 0 0 0 
40 10 0 p 1 10 1 12048 0 0 0 0 0 0 8020 0 0 0 0 0 0 0 0 0 0 0 0 0 0 0 0 0 0 0 0 0 0 0 400080 0 0 0 0 0 0 0 0 0 0 0 0 0 0 0 0 0 0 0 0 0 0 0 0 0 0 0 0 0 0 0 0 0 
40 f 0 p 1 f 1 50048 0 0 0 0 0 0 8020 0 0 0 0 0 0 0 0 0 0 0 0 0 0 0 0 0 0 0 0 0 0 0 0 0 0 0 0 0 0 0 0 0 0 0 0 0 0 4200 0 0 0 0 0 0 0 0 0 0 0 0 0 0 0 0 0 0 
40 f 0 p 1 f 1 204c 0 0 0 0 0 0 8020 0 0 0 0 0 0 0 0 0 0 0 108000 0 0 0 0 0 0 0 0 0 0 0 0 0 0 0 0 0 0 0 0 0 0 0 0 0 0 0 0 0 0 0 0 0 0 0 0 0 0 0 0 0 0 0 0 0 
40 11 0 p 1 11 1 348 0 0 0 0 0 0 8020 0 0 0 0 0 0 0 0 0 0 0 0 0 1000010 0 0 0 0 0 0 0 0 0 0 0 0 0 0 0 0 0 0 0 0 0 0 0 0 400004 0 0 0 0 0 0 0 0 0 0 0 0 0 0 0 0 0 0 
40 f 0 p 1 f 1 80148 0 0 0 0 0 0 8020 0 0 0 0 0 0 0 0 0 0 0 0 0 0 0 0 0 0 0 0 0 0 0 0 0 0 0 0 0 0 0 0 0 0 0 0 0 0 0 0 0 0 0 0 0 0 0 0 0 0 0 0 0 0 0 200002 0 
40 12 0 p 1 12 1 200c00 1080000 0 0 0 0 0 0 0 40005 0 0 0 0 0 0 0 0 0 0 0 0 0 0 0 0 0 4200 0 0 0 0 0 0 0 0 0 0 0 0 0 0 0 0 0 0 0 0 0 0 0 0 0 0 0 0 0 0 0 0 0 0 0 0 0 
40 f 0 p 1 f 1 a40 0 0 0 0 0 0 0 0 1040800 0 0 0 0 0 0 0 0 0 0 0 0 0 0 0 0 0 0 0 0 0 0 0 0 0 0 0 0 0 0 0 0 0 0 0 0 0 0 0 0 0 0 2100 0 0 0 0 0 0 0 0 0 0 0 0 
40 f 0 p 1 f 1 10a00 0 0 0 0 0 0 0 0 42800 0 0 0 0 0 0 0 0 0 0 0 0 0 0 0 0 0 0 8001 0 0 0 0 0 0 0 0 0 0 0 0 0 0 0 0 0 0 0 0 0 0 0 0 0 0 0 0 0 0 0 0 0 0 0 0 
40 10 0 p 1 10 1 400a00 0 0 0 0 0 0 0 0 40801 0 0 0 0 0 0 0 0 0 0 0 0 0 0 0 0 0 0 0 0 0 0 0 0 0 0 0 0 0 0 0 0 0 0 0 10040 0 0 0 0 0 0 0 0 0 0 0 0 0 0 0 0 0 0 0 
40 12 0 p 1 12 1 200c00 1080000 0 0 0 0 0 0 0 0 0 0 0 0 0 0 0 0 0 0 0 0 0 0 0 0 0 0 0 0 0 0 0 0 0 0 0 0 0 0 0 0 0 0 0 0 0 0 0 0 0 0 0 0 200002 80300 0 0 0 0 0 0 0 0 0 
40 10 0 p 1 10 1 40801 0 0 0 0 0 0 0 0 0 0 0 0 0 0 0 0 0 0 0 0 0 0 0 0 0 0 0 0 0 0 0 0 0 0 0 10040 0 0 0 0 0 0 0 0 0 0 0 0 0 0 0 0 0 0 400a00 0 0 0 0 0 0 0 0 0 
